   1.0491259e+02
   9.6349110e+01
   6.6411597e+01
  -4.0159239e+01
  -3.1464305e+01
  -3.4066132e+01
  -3.8735584e+01
  -4.3408219e+01
  -4.7785781e+01
  -5.1843727e+01
  -5.5614273e+01
  -5.9138903e+01
  -6.2456579e+01
  -6.5601201e+01
  -6.8601638e+01
  -7.1482442e+01
  -7.4264640e+01
  -7.6966451e+01
  -7.9603898e+01
  -8.2191309e+01
  -8.4741743e+01
  -8.7267359e+01
  -8.9779737e+01
  -9.2290184e+01
  -9.4810043e+01
  -9.7351006e+01
  -9.9925483e+01
  -1.0254704e+02
  -1.0523094e+02
  -1.0799489e+02
  -1.1086009e+02
  -1.1385267e+02
  -1.1700599e+02
  -1.2036414e+02
  -1.2398796e+02
  -1.2796551e+02
  -1.3243244e+02
  -1.3761539e+02
  -1.4393991e+02
  -1.5236826e+02
  -1.6603475e+02
  -2.2251201e+02
  -1.6718513e+02
  -1.5675802e+02
  -1.5111123e+02
  -1.4746153e+02
  -1.4491928e+02
  -1.4308533e+02
  -1.4174630e+02
  -1.4077498e+02
  -1.4008971e+02
  -1.3963518e+02
  -1.3937240e+02
  -1.3927312e+02
  -1.3931637e+02
  -1.3948643e+02
  -1.3977138e+02
  -1.4016222e+02
  -1.4065225e+02
  -1.4123662e+02
  -1.4191203e+02
  -1.4267656e+02
  -1.4352953e+02
  -1.4447146e+02
  -1.4550407e+02
  -1.4663035e+02
  -1.4785466e+02
  -1.4918299e+02
  -1.5062322e+02
  -1.5218560e+02
  -1.5388343e+02
  -1.5573397e+02
  -1.5775993e+02
  -1.5999171e+02
  -1.6247097e+02
  -1.6525665e+02
  -1.6843578e+02
  -1.7214432e+02
  -1.7661206e+02
  -1.8227491e+02
  -1.9013099e+02
  -2.0351043e+02
  -2.4656343e+02
  -2.0200150e+02
  -1.9129392e+02
  -1.8517930e+02
  -1.8102706e+02
  -1.7797877e+02
  -1.7564530e+02
  -1.7381713e+02
  -1.7236864e+02
  -1.7121873e+02
  -1.7031220e+02
  -1.6960991e+02
  -1.6908332e+02
  -1.6871114e+02
  -1.6847725e+02
  -1.6836935e+02
  -1.6837806e+02
  -1.6849630e+02
  -1.6871883e+02
  -1.6904202e+02
  -1.6946361e+02
  -1.6998260e+02
  -1.7059920e+02
  -1.7131486e+02
  -1.7213230e+02
  -1.7305565e+02
  -1.7409068e+02
  -1.7524509e+02
  -1.7652899e+02
  -1.7795555e+02
  -1.7954201e+02
  -1.8131111e+02
  -1.8329340e+02
  -1.8553090e+02
  -1.8808324e+02
  -1.9103871e+02
  -1.9453576e+02
  -1.9880936e+02
  -2.0430803e+02
  -2.1206932e+02
  -2.2563892e+02
  -2.6066418e+02
  -2.2230657e+02
  -2.1169647e+02
  -2.0548928e+02
  -2.0119634e+02
  -1.9798975e+02
  -1.9549080e+02
  -1.9349449e+02
  -1.9187743e+02
  -1.9055973e+02
  -1.8948688e+02
  -1.8862018e+02
  -1.8793133e+02
  -1.8739919e+02
  -1.8700775e+02
  -1.8674476e+02
  -1.8660086e+02
  -1.8656898e+02
  -1.8664389e+02
  -1.8682194e+02
  -1.8710086e+02
  -1.8747963e+02
  -1.8795846e+02
  -1.8853878e+02
  -1.8922330e+02
  -1.9001617e+02
  -1.9092317e+02
  -1.9195204e+02
  -1.9311294e+02
  -1.9441915e+02
  -1.9588802e+02
  -1.9754254e+02
  -1.9941357e+02
  -2.0154366e+02
  -2.0399328e+02
  -2.0685218e+02
  -2.1026150e+02
  -2.1446168e+02
  -2.1991450e+02
  -2.2769924e+02
  -2.4159776e+02
  -2.7071330e+02
  -2.3664112e+02
  -2.2621488e+02
  -2.2001155e+02
  -2.1567396e+02
  -2.1240333e+02
  -2.0983110e+02
  -2.0775672e+02
  -2.0605903e+02
  -2.0465942e+02
  -2.0350412e+02
  -2.0255491e+02
  -2.0178380e+02
  -2.0116988e+02
  -2.0069727e+02
  -2.0035384e+02
  -2.0013031e+02
  -2.0001967e+02
  -2.0001673e+02
  -2.0011789e+02
  -2.0032090e+02
  -2.0062478e+02
  -2.0102977e+02
  -2.0153732e+02
  -2.0215020e+02
  -2.0287258e+02
  -2.0371031e+02
  -2.0467119e+02
  -2.0576548e+02
  -2.0700658e+02
  -2.0841203e+02
  -2.1000505e+02
  -2.1181690e+02
  -2.1389065e+02
  -2.1628770e+02
  -2.1909929e+02
  -2.2246934e+02
  -2.2664400e+02
  -2.3209882e+02
  -2.3995722e+02
  -2.5426051e+02
  -2.7859181e+02
  -2.4774757e+02
  -2.3753269e+02
  -2.3137151e+02
  -2.2702880e+02
  -2.2373357e+02
  -2.2112706e+02
  -2.1901303e+02
  -2.1727255e+02
  -2.1582824e+02
  -2.1462711e+02
  -2.1363139e+02
  -2.1281345e+02
  -2.1215258e+02
  -2.1163308e+02
  -2.1124292e+02
  -2.1097294e+02
  -2.1081618e+02
  -2.1076753e+02
  -2.1082342e+02
  -2.1098165e+02
  -2.1124129e+02
  -2.1160261e+02
  -2.1206712e+02
  -2.1263762e+02
  -2.1331835e+02
  -2.1411521e+02
  -2.1503609e+02
  -2.1609135e+02
  -2.1729454e+02
  -2.1866337e+02
  -2.2022134e+02
  -2.2200007e+02
  -2.2404324e+02
  -2.2641313e+02
  -2.2920258e+02
  -2.3255834e+02
  -2.3673246e+02
  -2.4221484e+02
  -2.5017554e+02
  -2.6494179e+02
  -2.8517752e+02
  -2.5689408e+02
  -2.4689940e+02
  -2.4079945e+02
  -2.3647233e+02
  -2.3317354e+02
  -2.3055373e+02
  -2.2842090e+02
  -2.2665829e+02
  -2.2518974e+02
  -2.2396299e+02
  -2.2294078e+02
  -2.2209578e+02
  -2.2140753e+02
  -2.2086048e+02
  -2.2044273e+02
  -2.2014522e+02
  -2.1996105e+02
  -2.1988519e+02
  -2.1991413e+02
  -2.2004570e+02
  -2.2027903e+02
  -2.2061444e+02
  -2.2105347e+02
  -2.2159898e+02
  -2.2225527e+02
  -2.2302831e+02
  -2.2392608e+02
  -2.2495905e+02
  -2.2614089e+02
  -2.2748954e+02
  -2.2902875e+02
  -2.3079054e+02
  -2.3281916e+02
  -2.3517787e+02
  -2.3796107e+02
  -2.4131846e+02
  -2.4550819e+02
  -2.5103509e+02
  -2.5911858e+02
  -2.7440204e+02
  -2.9099830e+02
  -2.6481917e+02
  -2.5504683e+02
  -2.4901981e+02
  -2.4472165e+02
  -2.4143312e+02
  -2.3881399e+02
  -2.3667636e+02
  -2.3490557e+02
  -2.3342668e+02
  -2.3218816e+02
  -2.3115322e+02
  -2.3029487e+02
  -2.2959285e+02
  -2.2903180e+02
  -2.2859994e+02
  -2.2828830e+02
  -2.2809007e+02
  -2.2800028e+02
  -2.2801547e+02
  -2.2813354e+02
  -2.2835366e+02
  -2.2867618e+02
  -2.2910271e+02
  -2.2963617e+02
  -2.3028091e+02
  -2.3104297e+02
  -2.3193043e+02
  -2.3295386e+02
  -2.3412710e+02
  -2.3546826e+02
  -2.3700138e+02
  -2.3875888e+02
  -2.4078563e+02
  -2.4314582e+02
  -2.4593551e+02
  -2.4930742e+02
  -2.5352596e+02
  -2.5911158e+02
  -2.6733592e+02
  -2.8319330e+02
  -2.9646699e+02
  -2.7206333e+02
  -2.6251409e+02
  -2.5656960e+02
  -2.5231172e+02
  -2.4904530e+02
  -2.4643894e+02
  -2.4430871e+02
  -2.4254202e+02
  -2.4106511e+02
  -2.3982718e+02
  -2.3879190e+02
  -2.3793260e+02
  -2.3722927e+02
  -2.3666669e+02
  -2.3623323e+02
  -2.3592000e+02
  -2.3572029e+02
  -2.3562918e+02
  -2.3564328e+02
  -2.3576054e+02
  -2.3598017e+02
  -2.3630260e+02
  -2.3672948e+02
  -2.3726378e+02
  -2.3790992e+02
  -2.3867402e+02
  -2.3956424e+02
  -2.4059129e+02
  -2.4176915e+02
  -2.4311613e+02
  -2.4465656e+02
  -2.4642326e+02
  -2.4846174e+02
  -2.5083716e+02
  -2.5364726e+02
  -2.5704787e+02
  -2.6130989e+02
  -2.6697000e+02
  -2.7535525e+02
  -2.9185110e+02
  -3.0202989e+02
  -2.7915850e+02
  -2.6983611e+02
  -2.6398618e+02
  -2.5978234e+02
  -2.5655246e+02
  -2.5397366e+02
  -2.5186587e+02
  -2.5011854e+02
  -2.4865906e+02
  -2.4743734e+02
  -2.4641755e+02
  -2.4557331e+02
  -2.4488484e+02
  -2.4433711e+02
  -2.4391861e+02
  -2.4362056e+02
  -2.4343634e+02
  -2.4336110e+02
  -2.4339151e+02
  -2.4352559e+02
  -2.4376261e+02
  -2.4410305e+02
  -2.4454863e+02
  -2.4510237e+02
  -2.4576878e+02
  -2.4655407e+02
  -2.4746649e+02
  -2.4851688e+02
  -2.4971938e+02
  -2.5109252e+02
  -2.5266094e+02
  -2.5445787e+02
  -2.5652946e+02
  -2.5894191e+02
  -2.6179466e+02
  -2.6524675e+02
  -2.6957580e+02
  -2.7533547e+02
  -2.8391153e+02
  -3.0112749e+02
  -3.0838360e+02
  -2.8686860e+02
  -2.7778835e+02
  -2.7205629e+02
  -2.6793181e+02
  -2.6476482e+02
  -2.6224067e+02
  -2.6018308e+02
  -2.5848349e+02
  -2.5707045e+02
  -2.5589460e+02
  -2.5492057e+02
  -2.5412234e+02
  -2.5348039e+02
  -2.5297987e+02
  -2.5260942e+02
  -2.5236040e+02
  -2.5222629e+02
  -2.5220236e+02
  -2.5228538e+02
  -2.5247344e+02
  -2.5276592e+02
  -2.5316339e+02
  -2.5366766e+02
  -2.5428187e+02
  -2.5501063e+02
  -2.5586027e+02
  -2.5683920e+02
  -2.5795844e+02
  -2.5923233e+02
  -2.6067969e+02
  -2.6232548e+02
  -2.6420346e+02
  -2.6636046e+02
  -2.6886379e+02
  -2.7181473e+02
  -2.7537566e+02
  -2.7983126e+02
  -2.8575289e+02
  -2.9458885e+02
  -3.1265578e+02
  -3.1715279e+02
  -2.9690229e+02
  -2.8812562e+02
  -2.8258215e+02
  -2.7861171e+02
  -2.7558538e+02
  -2.7319660e+02
  -2.7127290e+02
  -2.6970783e+02
  -2.6843123e+02
  -2.6739461e+02
  -2.6656328e+02
  -2.6591174e+02
  -2.6542091e+02
  -2.6507637e+02
  -2.6486716e+02
  -2.6478502e+02
  -2.6482382e+02
  -2.6497924e+02
  -2.6524846e+02
  -2.6563004e+02
  -2.6612381e+02
  -2.6673084e+02
  -2.6745351e+02
  -2.6829553e+02
  -2.6926219e+02
  -2.7036052e+02
  -2.7159973e+02
  -2.7299172e+02
  -2.7455180e+02
  -2.7629995e+02
  -2.7826246e+02
  -2.8047461e+02
  -2.8298516e+02
  -2.8586385e+02
  -2.8921533e+02
  -2.9320709e+02
  -2.9813295e+02
  -3.0458498e+02
  -3.1408037e+02
  -3.3349674e+02
  -3.3574307e+02
  -3.1711521e+02
  -3.0916249e+02
  -3.0437987e+02
  -3.0118870e+02
  -2.9898783e+02
  -2.9748756e+02
  -2.9653024e+02
