   9.6720143e-04
   3.8650638e-03
   8.6823759e-03
   1.5400500e-02
   2.3993446e-02
   3.4427969e-02
   4.6663699e-02
   6.0653300e-02
   7.6342648e-02
   9.3671043e-02
   1.1257145e-01
   1.3297074e-01
   1.5478999e-01
   1.7794479e-01
   2.0234557e-01
   2.2789791e-01
   2.5450296e-01
   2.8205779e-01
   3.1045580e-01
   3.3958712e-01
   3.6933904e-01
   3.9959646e-01
   4.3024233e-01
   4.6115808e-01
   4.9222409e-01
   5.2332020e-01
   5.5432608e-01
   5.8512178e-01
   6.1558816e-01
   6.4560736e-01
   6.7506322e-01
   7.0384181e-01
   7.3183177e-01
   7.5892481e-01
   7.8501613e-01
   8.1000477e-01
   8.3379407e-01
   8.5629198e-01
   8.7741147e-01
   8.9707083e-01
   9.1519399e-01
   9.3171085e-01
   9.4655751e-01
   9.5967652e-01
   9.7101713e-01
   9.8053547e-01
   9.8819471e-01
   9.9396522e-01
   9.9782467e-01
   9.9975814e-01
   9.9975814e-01
   9.9782467e-01
   9.9396522e-01
   9.8819471e-01
   9.8053547e-01
   9.7101713e-01
   9.5967652e-01
   9.4655751e-01
   9.3171085e-01
   9.1519399e-01
   8.9707083e-01
   8.7741147e-01
   8.5629198e-01
   8.3379407e-01
   8.1000477e-01
   7.8501613e-01
   7.5892481e-01
   7.3183177e-01
   7.0384181e-01
   6.7506322e-01
   6.4560736e-01
   6.1558816e-01
   5.8512178e-01
   5.5432608e-01
   5.2332020e-01
   4.9222409e-01
   4.6115808e-01
   4.3024233e-01
   3.9959646e-01
   3.6933904e-01
   3.3958712e-01
   3.1045580e-01
   2.8205779e-01
   2.5450296e-01
   2.2789791e-01
   2.0234557e-01
   1.7794479e-01
   1.5478999e-01
   1.3297074e-01
   1.1257145e-01
   9.3671043e-02
   7.6342648e-02
   6.0653300e-02
   4.6663699e-02
   3.4427969e-02
   2.3993446e-02
   1.5400500e-02
   8.6823759e-03
   3.8650638e-03
   9.6720143e-04
