   3.5514937e-04
   8.0953566e-04
   1.4927603e-03
   2.4675442e-03
   3.8052336e-03
   5.5857304e-03
   7.8972095e-03
   1.0835606e-02
   1.4503856e-02
   1.9010892e-02
   2.4470381e-02
   3.0999214e-02
   3.8715764e-02
   4.7737919e-02
   5.8180927e-02
   7.0155069e-02
   8.3763213e-02
   9.9098287e-02
   1.1624071e-01
   1.3525586e-01
   1.5619156e-01
   1.7907579e-01
   2.0391448e-01
   2.3068964e-01
   2.5935768e-01
   2.8984823e-01
   3.2206318e-01
   3.5587629e-01
   3.9113320e-01
   4.2765194e-01
   4.6522393e-01
   5.0361554e-01
   5.4257004e-01
   5.8181016e-01
   6.2104100e-01
   6.5995339e-01
   6.9822765e-01
   7.3553756e-01
   7.7155471e-01
   8.0595285e-01
   8.3841252e-01
   8.6862549e-01
   8.9629931e-01
   9.2116157e-01
   9.4296398e-01
   9.6148616e-01
   9.7653897e-01
   9.8796743e-01
   9.9565316e-01
   9.9951618e-01
   9.9951618e-01
   9.9565316e-01
   9.8796743e-01
   9.7653897e-01
   9.6148616e-01
   9.4296398e-01
   9.2116157e-01
   8.9629931e-01
   8.6862549e-01
   8.3841252e-01
   8.0595285e-01
   7.7155471e-01
   7.3553756e-01
   6.9822765e-01
   6.5995339e-01
   6.2104100e-01
   5.8181016e-01
   5.4257004e-01
   5.0361554e-01
   4.6522393e-01
   4.2765194e-01
   3.9113320e-01
   3.5587629e-01
   3.2206318e-01
   2.8984823e-01
   2.5935768e-01
   2.3068964e-01
   2.0391448e-01
   1.7907579e-01
   1.5619156e-01
   1.3525586e-01
   1.1624071e-01
   9.9098287e-02
   8.3763213e-02
   7.0155069e-02
   5.8180927e-02
   4.7737919e-02
   3.8715764e-02
   3.0999214e-02
   2.4470381e-02
   1.9010892e-02
   1.4503856e-02
   1.0835606e-02
   7.8972095e-03
   5.5857304e-03
   3.8052336e-03
   2.4675442e-03
   1.4927603e-03
   8.0953566e-04
   3.5514937e-04
