   1.0627088e-02
   4.6978037e-03
   1.0066857e-03
   4.2054420e-05
   2.0419054e-03
   6.9623460e-03
   1.4472401e-02
   2.3976549e-02
   3.4663723e-02
   4.5578944e-02
   5.5711453e-02
   6.4091419e-02
   6.9886236e-02
   7.2487137e-02
   7.1577456e-02
   6.7175336e-02
   5.9645825e-02
   4.9680041e-02
   3.8242130e-02
   2.6487788e-02
   1.5660976e-02
   6.9777278e-03
   1.5075534e-03
   6.3519160e-05
   3.1117756e-03
   1.0709881e-02
   2.2480998e-02
   3.7628004e-02
   5.4988041e-02
   7.3124345e-02
   9.0448639e-02
   1.0536432e-01
   1.1641833e-01
   1.2244840e-01
   1.2271202e-01
   1.1698478e-01
   1.0561762e-01
   8.9546139e-02
   7.0248547e-02
   4.9653589e-02
   3.0004021e-02
   1.3685297e-02
   3.0325478e-03
   1.3132815e-04
   6.6287534e-03
   2.3571459e-02
   5.1285232e-02
   8.9308301e-02
   1.3638640e-01
   1.9053300e-01
   2.4915329e-01
   3.0922526e-01
   3.6752729e-01
   4.2089791e-01
   4.6651109e-01
   5.0214968e-01
   5.2645918e-01
   5.3916314e-01
   5.4121702e-01
   5.3486214e-01
   5.2351019e-01
   5.1134560e-01
   5.0253570e-01
   5.0010570e-01
   5.0489991e-01
   5.1525739e-01
   5.2763559e-01
   5.3774785e-01
   5.4160240e-01
   5.3615353e-01
   5.1958979e-01
   4.9138206e-01
   4.5219012e-01
   4.0368495e-01
   3.4831811e-01
   2.8905943e-01
   2.2912092e-01
   1.7168477e-01
   1.1965269e-01
   7.5432481e-02
   4.0775172e-02
   1.6671982e-02
   3.3160926e-03
   1.2897834e-04
   5.8462806e-03
   1.8653694e-02
   3.6359793e-02
   5.6590257e-02
   7.6986858e-02
   9.5394806e-02
   1.1002368e-01
   1.1956989e-01
   1.2329233e-01
   1.2103707e-01
   1.1321137e-01
   1.0071164e-01
   8.4813512e-02
   6.7035265e-02
   4.8987487e-02
   3.2222680e-02
   1.8097810e-02
   7.6612415e-03
   1.5728648e-03
   6.2977038e-05
   2.9318345e-03
   9.5881342e-03
   1.9121295e-02
   3.0399604e-02
   4.2184291e-02
   5.3248547e-02
   6.2490487e-02
   6.9029992e-02
   7.2281230e-02
   7.1995143e-02
   6.8269131e-02
   6.1524255e-02
   5.2453256e-02
   4.1945223e-02
   3.0994710e-02
   2.0604266e-02
   1.1689634e-02
   4.9963718e-03
   1.0352436e-03
   4.1817314e-05
   1.9632450e-03
   6.4726032e-03
