   2.0662401e+00
   1.9099776e+00
   1.7537420e+00
   1.5975345e+00
   1.4413566e+00
   1.2852097e+00
   1.1290956e+00
   9.7301593e-01
   8.1697263e-01
   6.6096770e-01
   5.0500331e-01
   3.4908180e-01
   1.9320568e-01
   3.7377668e-02
  -1.1839929e-01
  -2.7412202e-01
  -4.2978706e-01
  -5.8539066e-01
  -7.4092874e-01
  -8.9639684e-01
  -1.0517901e+00
  -1.2071032e+00
  -1.3623302e+00
  -1.5174648e+00
  -1.6724999e+00
  -1.8274277e+00
  -1.9822394e+00
  -2.1369256e+00
  -2.2914754e+00
  -2.4458769e+00
  -2.6001167e+00
  -2.7541799e+00
  -2.9080494e+00
  -3.0617060e+00
   3.0680574e+00
   2.9148951e+00
   2.7620208e+00
   2.6094674e+00
   2.4572729e+00
   2.3054814e+00
   2.1541447e+00
   2.0033237e+00
   1.8530903e+00
   1.7035309e+00
   1.5547489e+00
   1.4068704e+00
   1.2600493e+00
   1.1144767e+00
   9.7039131e-01
   8.2809618e-01
   6.8798055e-01
   5.5055239e-01
   4.1648576e-01
   2.8669180e-01
   1.6242747e-01
   4.5465308e-02
  -6.1637284e-02
  -1.5510836e-01
  -2.2929214e-01
  -2.7571141e-01
  -2.8224252e-01
  -2.3445836e-01
  -1.2495034e-01
   2.6363404e-02
   1.6823256e-01
   2.5738642e-01
   2.8539264e-01
   2.6387115e-01
   2.0695178e-01
   1.2549765e-01
   2.6921843e-02
  -8.3845870e-02
  -2.0350308e-01
  -3.2979477e-01
  -4.6114590e-01
  -5.9643109e-01
  -7.3482880e-01
  -8.7572737e-01
  -1.0186631e+00
  -1.1632789e+00
  -1.3092954e+00
  -1.4564913e+00
  -1.6046893e+00
  -1.7537456e+00
  -1.9035423e+00
  -2.0539821e+00
  -2.2049840e+00
  -2.3564800e+00
  -2.5084123e+00
  -2.6607321e+00
  -2.8133974e+00
  -2.9663720e+00
  -3.1196246e+00
   3.0100572e+00
   2.8563267e+00
   2.7023901e+00
   2.5482658e+00
   2.3939699e+00
   2.2395171e+00
   2.0849202e+00
   1.9301907e+00
   1.7753389e+00
   1.6203742e+00
   1.4653048e+00
   1.3101383e+00
   1.1548816e+00
   9.9954096e-01
   8.4412197e-01
   6.8862982e-01
   5.3306923e-01
   3.7744453e-01
   2.2175968e-01
   6.6018347e-02
  -8.9776124e-02
  -2.4562063e-01
  -4.0151231e-01
  -5.5744851e-01
  -7.1342679e-01
  -8.6944485e-01
  -1.0255006e+00
  -1.1815920e+00
  -1.3377174e+00
  -1.4938749e+00
  -1.6500629e+00
  -1.8062800e+00
  -1.9625248e+00
