   9.5042021e-04
   4.2688139e-04
   9.2966836e-05
   3.9480440e-06
   1.9492174e-04
   6.7601551e-04
   1.4296979e-03
   2.4105912e-03
   3.5479740e-03
   4.7509208e-03
   5.9157711e-03
   6.9353839e-03
   7.7094263e-03
   8.1547973e-03
   8.2152092e-03
   7.8689610e-03
   7.1340293e-03
   6.0697907e-03
   4.7749453e-03
   3.3815258e-03
   2.0452277e-03
   9.3264753e-04
   2.0634406e-04
   8.9081160e-06
   4.4741351e-04
   1.5797038e-03
   3.4039313e-03
   5.8526036e-03
   8.7921101e-03
   1.2028317e-02
   1.5318360e-02
   1.8388239e-02
   2.0955339e-02
   2.2754473e-02
   2.3565677e-02
   2.3241682e-02
   2.1732828e-02
   1.9107217e-02
   1.5564082e-02
   1.1438702e-02
   7.1976890e-03
   3.4241324e-03
   7.9274651e-04
   3.5935219e-05
   1.9023885e-03
   7.1104637e-03
   1.6299116e-02
   2.9979483e-02
   4.8490364e-02
   7.1960756e-02
   1.0028230e-01
   1.3309399e-01
   1.6978074e-01
   2.0948671e-01
   2.5114317e-01
   2.9350989e-01
   3.3522819e-01
   3.7488270e-01
   4.1106864e-01
   4.4246067e-01
   4.6787944e-01
   4.8635174e-01
   4.9716082e-01
   4.9988374e-01
   4.9441357e-01
   4.8096499e-01
   4.6006298e-01
   4.3251543e-01
   3.9937104e-01
   3.6186538e-01
   3.2135810e-01
   2.7926525e-01
   2.3699044e-01
   1.9585904e-01
   1.5705899e-01
   1.2159142e-01
   9.0233592e-02
   6.3515899e-02
   4.1713509e-02
   2.4852603e-02
   1.2730004e-02
   4.9443646e-03
   9.3633204e-04
   3.4746806e-05
   1.5056348e-03
   4.6007867e-03
   8.6029089e-03
   1.2864738e-02
   1.6840066e-02
   2.0105298e-02
   2.2370877e-02
   2.3482667e-02
   2.3414035e-02
   2.2249998e-02
   2.0165225e-02
   1.7398016e-02
   1.4222474e-02
   1.0921083e-02
   7.7596621e-03
   4.9663790e-03
   2.7160239e-03
   1.1202878e-03
   2.2424568e-04
   8.7595802e-06
   3.9807297e-04
   1.2715161e-03
   2.4779989e-03
   3.8518493e-03
   5.2285556e-03
   6.4590934e-03
   7.4217346e-03
   8.0305280e-03
   8.2399821e-03
   8.0458350e-03
   7.4821371e-03
   6.6151697e-03
   5.5349605e-03
   4.3453083e-03
   3.1532978e-03
   2.0592647e-03
   1.1480668e-03
   4.8234890e-04
   9.8268473e-05
   3.9040342e-06
   1.8031617e-04
   5.8499888e-04
