   8.8965288e-01
   5.7549362e-01
   2.6133435e-01
  -5.2824915e-02
  -3.6698418e-01
  -6.8114345e-01
  -9.9530271e-01
  -1.3094620e+00
  -1.6236212e+00
  -1.9377805e+00
  -2.2519398e+00
  -2.5660990e+00
  -2.8802583e+00
   3.0887677e+00
   2.7746085e+00
   2.4604492e+00
   2.1462899e+00
   1.8321307e+00
   1.5179714e+00
   1.2038121e+00
   8.8965288e-01
   5.7549362e-01
   2.6133435e-01
  -5.2824915e-02
  -3.6698418e-01
  -6.8114345e-01
  -9.9530271e-01
  -1.3094620e+00
  -1.6236212e+00
  -1.9377805e+00
  -2.2519398e+00
  -2.5660990e+00
  -2.8802583e+00
   3.0887677e+00
   2.7746085e+00
   2.4604492e+00
   2.1462899e+00
   1.8321307e+00
   1.5179714e+00
   1.2038121e+00
   8.8965288e-01
   5.7549362e-01
   2.6133435e-01
  -5.2824915e-02
  -3.6698418e-01
  -6.8114345e-01
  -9.9530271e-01
  -1.3094620e+00
  -1.6236212e+00
  -1.9377805e+00
  -2.2519398e+00
  -2.5660990e+00
  -2.8802583e+00
   3.0887677e+00
   2.7746085e+00
   2.4604492e+00
   2.1462899e+00
   1.8321307e+00
   1.5179714e+00
   1.2038121e+00
   8.8965288e-01
   5.7549362e-01
   2.6133435e-01
  -5.2824915e-02
  -3.6698418e-01
  -6.8114345e-01
  -9.9530271e-01
  -1.3094620e+00
  -1.6236212e+00
  -1.9377805e+00
  -2.2519398e+00
  -2.5660990e+00
  -2.8802583e+00
   3.0887677e+00
   2.7746085e+00
   2.4604492e+00
   2.1462899e+00
   1.8321307e+00
   1.5179714e+00
   1.2038121e+00
   8.8965288e-01
   5.7549362e-01
   2.6133435e-01
  -5.2824915e-02
  -3.6698418e-01
  -6.8114345e-01
  -9.9530271e-01
  -1.3094620e+00
  -1.6236212e+00
  -1.9377805e+00
  -2.2519398e+00
  -2.5660990e+00
  -2.8802583e+00
   3.0887677e+00
   2.7746085e+00
   2.4604492e+00
   2.1462899e+00
   1.8321307e+00
   1.5179714e+00
   1.2038121e+00
   8.8965288e-01
   5.7549362e-01
   2.6133435e-01
  -5.2824915e-02
  -3.6698418e-01
  -6.8114345e-01
  -9.9530271e-01
  -1.3094620e+00
  -1.6236212e+00
  -1.9377805e+00
  -2.2519398e+00
  -2.5660990e+00
  -2.8802583e+00
   3.0887677e+00
   2.7746085e+00
   2.4604492e+00
   2.1462899e+00
   1.8321307e+00
   1.5179714e+00
   1.2038121e+00
   8.8965288e-01
   5.7549362e-01
   2.6133435e-01
  -5.2824915e-02
  -3.6698418e-01
  -6.8114345e-01
