   3.9355844e-02
   2.8017893e-02
   1.3519508e-02
   2.8090178e-03
   1.9412994e-02
   3.4658049e-02
   4.6987334e-02
   5.5076449e-02
   5.7971025e-02
   5.5193121e-02
   4.6805108e-02
   3.3423429e-02
   1.6179160e-02
   3.3727170e-03
   2.3388472e-02
   4.1903858e-02
   5.7020534e-02
   6.7093516e-02
   7.0901792e-02
   6.7785133e-02
   5.7732748e-02
   4.1413376e-02
   2.0141547e-02
   4.2194557e-03
   2.9411484e-02
   5.2980201e-02
   7.2501844e-02
   8.5818062e-02
   9.1257238e-02
   8.7821024e-02
   7.5317119e-02
   5.4423418e-02
   2.6674255e-02
   5.6338685e-03
   3.9612523e-02
   7.2016016e-02
   9.9522655e-02
   1.1903986e-01
   1.2800731e-01
   1.2467130e-01
   1.0830486e-01
   7.9351865e-02
   3.9478806e-02
   8.4746865e-03
   6.0647374e-02
   1.1240218e-01
   1.5865022e-01
   1.9422996e-01
   2.1431299e-01
   2.1480477e-01
   1.9270799e-01
   1.4641817e-01
   7.5925762e-02
   1.7094309e-02
   1.2931629e-01
   2.5592145e-01
   3.9087159e-01
   5.2728012e-01
   6.5785500e-01
   7.7538150e-01
   8.7320936e-01
   9.4570808e-01
   9.8865620e-01
   9.9953499e-01
   9.7770443e-01
   9.2444804e-01
   8.4288302e-01
   7.3774275e-01
   6.1504806e-01
   4.8169216e-01
   3.4497069e-01
   2.1209196e-01
   8.9703699e-02
   1.6528945e-02
   1.0226427e-01
   1.6472017e-01
   2.0279066e-01
   2.1703757e-01
   2.0956144e-01
   1.8376552e-01
   1.4403422e-01
   9.5353602e-02
   4.2905384e-02
   8.3333753e-03
   5.3953822e-02
   9.0415279e-02
   1.1526072e-01
   1.2723442e-01
   1.2629689e-01
   1.1354063e-01
   9.1018376e-02
   6.1502031e-02
   2.8195713e-02
   5.5710660e-03
   3.6643257e-02
   6.2308195e-02
   8.0510294e-02
   8.9996692e-02
   9.0384595e-02
   8.2148195e-02
   6.6530102e-02
   4.5388587e-02
   2.0997080e-02
   4.1841297e-03
   2.7742381e-02
   4.7532067e-02
   6.1859900e-02
   6.9620765e-02
   7.0373901e-02
   6.4354933e-02
   5.2425223e-02
   3.5965640e-02
   1.6726616e-02
   3.3501085e-03
   2.2320574e-02
   3.8420747e-02
   5.0225133e-02
   5.6768052e-02
   5.7617645e-02
   5.2897383e-02
   4.3254867e-02
   2.9782593e-02
   1.3899653e-02
   2.7933175e-03
   1.8671523e-02
   3.2240613e-02
