   0.0000000e+00
   2.0202020e-02
   4.0404040e-02
   6.0606061e-02
   8.0808081e-02
   1.0101010e-01
   1.2121212e-01
   1.4141414e-01
   1.6161616e-01
   1.8181818e-01
   2.0202020e-01
   2.2222222e-01
   2.4242424e-01
   2.6262626e-01
   2.8282828e-01
   3.0303030e-01
   3.2323232e-01
   3.4343434e-01
   3.6363636e-01
   3.8383838e-01
   4.0404040e-01
   4.2424242e-01
   4.4444444e-01
   4.6464646e-01
   4.8484848e-01
   5.0505051e-01
   5.2525253e-01
   5.4545455e-01
   5.6565657e-01
   5.8585859e-01
   6.0606061e-01
   6.2626263e-01
   6.4646465e-01
   6.6666667e-01
   6.8686869e-01
   7.0707071e-01
   7.2727273e-01
   7.4747475e-01
   7.6767677e-01
   7.8787879e-01
   8.0808081e-01
   8.2828283e-01
   8.4848485e-01
   8.6868687e-01
   8.8888889e-01
   9.0909091e-01
   9.2929293e-01
   9.4949495e-01
   9.6969697e-01
   9.8989899e-01
   9.8989899e-01
   9.6969697e-01
   9.4949495e-01
   9.2929293e-01
   9.0909091e-01
   8.8888889e-01
   8.6868687e-01
   8.4848485e-01
   8.2828283e-01
   8.0808081e-01
   7.8787879e-01
   7.6767677e-01
   7.4747475e-01
   7.2727273e-01
   7.0707071e-01
   6.8686869e-01
   6.6666667e-01
   6.4646465e-01
   6.2626263e-01
   6.0606061e-01
   5.8585859e-01
   5.6565657e-01
   5.4545455e-01
   5.2525253e-01
   5.0505051e-01
   4.8484848e-01
   4.6464646e-01
   4.4444444e-01
   4.2424242e-01
   4.0404040e-01
   3.8383838e-01
   3.6363636e-01
   3.4343434e-01
   3.2323232e-01
   3.0303030e-01
   2.8282828e-01
   2.6262626e-01
   2.4242424e-01
   2.2222222e-01
   2.0202020e-01
   1.8181818e-01
   1.6161616e-01
   1.4141414e-01
   1.2121212e-01
   1.0101010e-01
   8.0808081e-02
   6.0606061e-02
   4.0404040e-02
   2.0202020e-02
   0.0000000e+00
