   1.0794140e+02
   9.3085046e+01
  -2.0250344e+01
   5.4710559e+01
  -2.0352148e+01
   3.6550625e+01
  -2.0522093e+01
   2.4236056e+01
  -2.0760590e+01
   1.4659998e+01
  -2.1068217e+01
   6.6121784e+00
  -2.1445735e+01
  -5.1399534e-01
  -2.1894087e+01
  -7.0740651e+00
  -2.2414415e+01
  -1.3302964e+01
  -2.3008076e+01
  -1.9373711e+01
  -2.3676654e+01
  -2.5428547e+01
  -2.4421986e+01
  -3.1598868e+01
  -2.5246185e+01
  -3.8021641e+01
  -2.6151675e+01
  -4.4857750e+01
  -2.7141222e+01
  -5.2319085e+01
  -2.8217987e+01
  -6.0718229e+01
  -2.9385574e+01
  -7.0578120e+01
  -3.0648100e+01
  -8.2933468e+01
  -3.2010280e+01
  -1.0052048e+02
  -3.3477519e+01
  -1.4150021e+02
  -3.5056048e+01
  -1.3196541e+02
  -3.6753073e+01
  -1.4761242e+02
  -3.8576977e+01
  -1.0783558e+02
  -4.0537580e+01
  -9.3464896e+01
  -4.2646462e+01
  -8.4502807e+01
  -4.4917409e+01
  -7.8145325e+01
  -4.7366998e+01
  -7.3357838e+01
  -5.0015396e+01
  -6.9634074e+01
  -5.2887488e+01
  -6.6686803e+01
  -5.6014476e+01
  -6.4337276e+01
  -5.9436265e+01
  -6.2467003e+01
  -6.3205086e+01
  -6.0993804e+01
  -6.7391319e+01
  -5.9858777e+01
  -7.2093289e+01
  -5.9018699e+01
  -7.7454990e+01
  -5.8441359e+01
  -8.3701131e+01
  -5.8102570e+01
  -9.1215792e+01
  -5.7984198e+01
  -1.0075565e+02
  -5.8072837e+01
  -1.1424884e+02
  -5.8358908e+01
  -1.4141172e+02
  -5.8836051e+01
  -1.3954584e+02
  -5.9500736e+01
  -1.3175862e+02
  -6.0352038e+01
  -1.4016635e+02
  -6.1391560e+01
  -1.4749175e+02
  -6.2623479e+01
  -1.2012581e+02
  -6.4054746e+01
  -1.0800696e+02
  -6.5695439e+01
  -1.0002575e+02
  -6.7559332e+01
  -9.4138366e+01
  -6.9664757e+01
  -8.9559419e+01
  -7.2035879e+01
  -8.5895309e+01
  -7.4704636e+01
  -8.2918227e+01
  -7.7713728e+01
  -8.0483850e+01
  -8.1121414e+01
  -7.8494958e+01
  -8.5009595e+01
  -7.6883170e+01
  -8.9498349e+01
  -7.5598889e+01
  -9.4774423e+01
  -7.4605394e+01
  -1.0115422e+02
  -7.3875170e+01
  -1.0924965e+02
  -7.3387554e+01
  -1.2055126e+02
  -7.3127178e+01
  -1.4126394e+02
  -7.3082922e+01
  -1.5053957e+02
  -7.3247227e+01
  -1.3429337e+02
  -7.3615654e+01
  -1.3141214e+02
  -7.4186631e+01
  -1.3486242e+02
  -7.4961379e+01
  -1.5013281e+02
  -7.5943979e+01
  -1.4728994e+02
  -7.7141618e+01
  -1.2602406e+02
  -7.8565032e+01
  -1.1545714e+02
  -8.0229212e+01
  -1.0830010e+02
  -8.2154495e+01
  -1.0293318e+02
  -8.4368222e+01
  -9.8708454e+01
  -8.6907322e+01
  -9.5295730e+01
  -8.9822449e+01
  -9.2502100e+01
  -9.3184934e+01
  -9.0204573e+01
  -9.7099197e+01
  -8.8319946e+01
  -1.0172681e+02
  -8.6789563e+01
  -1.0733870e+02
  -8.5570888e+01
  -1.1444826e+02
  -8.4632549e+01
  -1.2425099e+02
  -8.3951258e+01
  -1.4105642e+02
  -8.3509840e+01
  -1.6469799e+02
  -8.3295952e+01
  -1.3884668e+02
  -8.3301247e+01
  -1.3242935e+02
  -8.3520846e+01
  -1.3092314e+02
  -8.3953062e+01
  -1.3286829e+02
  -8.4599313e+01
  -1.3940137e+02
  -8.5464228e+01
  -1.6100637e+02
  -8.6555967e+01
  -1.4700599e+02
  -8.7886794e+01
  -1.2953038e+02
  -8.9474004e+01
  -1.2013262e+02
  -9.1341368e+01
  -1.1364055e+02
  -9.3521403e+01
  -1.0872729e+02
  -9.6059013e+01
  -1.0483991e+02
  -9.9017584e+01
  -1.0169160e+02
  -1.0248978e+02
  -9.9113331e+01
  -1.0661825e+02
  -9.6996900e+01
  -1.1163955e+02
  -9.5269033e+01
  -1.1799277e+02
  -9.3878180e+01
  -1.2665797e+02
  -9.2787179e+01
  -1.4078853e+02
  -9.1968932e+01
  -1.9872673e+02
  -9.1403736e+01
  -1.4382182e+02
  -9.1077592e+01
  -1.3486270e+02
  -9.0981134e+01
  -1.3121482e+02
  -9.1108978e+01
  -1.3028754e+02
  -9.1459370e+01
  -1.3155592e+02
  -9.2034098e+01
  -1.3541349e+02
  -9.2838646e+01
  -1.4398207e+02
  -9.3882615e+01
  -1.7602216e+02
  -9.5180489e+01
  -1.4663843e+02
  -9.6752892e+01
  -1.3179952e+02
  -9.8628584e+01
  -1.2333871e+02
  -1.0084770e+02
  -1.1740381e+02
  -1.0346713e+02
  -1.1288693e+02
  -1.0657003e+02
  -1.0930791e+02
  -1.1028376e+02
  -1.0641314e+02
  -1.1481729e+02
  -1.0405180e+02
  -1.2055075e+02
  -1.0212701e+02
  -1.2830028e+02
  -1.0057324e+02
  -1.4045950e+02
  -9.9344602e+01
  -1.7699255e+02
  -9.8408416e+01
  -1.4915223e+02
  -9.7741321e+01
  -1.3765778e+02
  -9.7326967e+01
  -1.3253785e+02
  -9.7154555e+01
  -1.3013252e+02
  -9.7217982e+01
  -1.2949988e+02
  -9.7515392e+01
  -1.3039975e+02
  -9.8049068e+01
  -1.3300435e+02
  -9.8825647e+01
  -1.3809785e+02
  -9.9856693e+01
  -1.4854219e+02
  -1.0115975e+02
       -Infinity
  -1.0276011e+02
  -1.4618535e+02
  -1.0469362e+02
  -1.3331138e+02
  -1.0701155e+02
  -1.2563269e+02
  -1.0978894e+02
  -1.2018097e+02
  -1.1314027e+02
  -1.1601867e+02
  -1.1725150e+02
  -1.1272437e+02
  -1.2245459e+02
  -1.1007147e+02
  -1.2943758e+02
  -1.0792407e+02
  -1.4006837e+02
  -1.0619467e+02
  -1.6482000e+02
  -1.0482423e+02
  -1.5512619e+02
  -1.0377185e+02
  -1.4057890e+02
  -1.0300891e+02
  -1.3418743e+02
  -1.0251574e+02
  -1.3074945e+02
  -1.0227950e+02
  -1.2901827e+02
  -1.0229308e+02
  -1.2855307e+02
  -1.0255444e+02
  -1.2922697e+02
  -1.0306650e+02
  -1.3112680e+02
  -1.0383742e+02
  -1.3461961e+02
  -1.0488142e+02
  -1.4072724e+02
  -1.0622025e+02
  -1.5322800e+02
  -1.0788570e+02
  -1.8021657e+02
  -1.0992386e+02
  -1.4564435e+02
  -1.1240254e+02
  -1.3430624e+02
  -1.1542500e+02
  -1.2730007e+02
  -1.1915754e+02
  -1.2227930e+02
  -1.2389196e+02
  -1.1844213e+02
  -1.3021421e+02
  -1.1541601e+02
  -1.3961408e+02
  -1.1299724e+02
  -1.5870818e+02
  -1.1106272e+02
  -1.6241000e+02
  -1.0953318e+02
  -1.4359114e+02
  -1.0835549e+02
  -1.3594030e+02
  -1.0749345e+02
  -1.3164711e+02
  -1.0692265e+02
  -1.2912512e+02
  -1.0662742e+02
  -1.2780144e+02
  -1.0659919e+02
  -1.2743818e+02
  -1.0683563e+02
  -1.2796144e+02
  -1.0734048e+02
  -1.2941947e+02
  -1.0812393e+02
  -1.3200925e+02
  -1.0920383e+02
  -1.3620840e+02
  -1.1060774e+02
  -1.4327219e+02
  -1.1237672e+02
  -1.5829519e+02
  -1.1457187e+02
  -1.6962915e+02
  -1.1728639e+02
  -1.4501252e+02
  -1.2066943e+02
  -1.3491897e+02
  -1.2497876e+02
  -1.2850506e+02
  -1.3071761e+02
  -1.2387793e+02
  -1.3909547e+02
  -1.2034607e+02
  -1.5467250e+02
  -1.1757837e+02
  -1.7276671e+02
  -1.1539108e+02
  -1.4673617e+02
  -1.1367259e+02
  -1.3771833e+02
  -1.1235123e+02
  -1.3263586e+02
  -1.1137966e+02
  -1.2946397e+02
  -1.1072664e+02
  -1.2750226e+02
  -1.1037250e+02
  -1.2644264e+02
  -1.1030663e+02
  -1.2614404e+02
  -1.1052625e+02
  -1.2656025e+02
  -1.1103616e+02
  -1.2772009e+02
  -1.1184933e+02
  -1.2973943e+02
  -1.1298857e+02
  -1.3287697e+02
  -1.1448968e+02
  -1.3770512e+02
  -1.1640722e+02
  -1.4575311e+02
  -1.1882506e+02
  -1.6418773e+02
  -1.2187706e+02
  -1.6370170e+02
  -1.2579177e+02
  -1.4428641e+02
  -1.3100440e+02
  -1.3523133e+02
  -1.3851139e+02
  -1.2935009e+02
  -1.5162954e+02
  -1.2509059e+02
  -1.9530295e+02
  -1.2185225e+02
  -1.5010768e+02
  -1.1933974e+02
  -1.3949894e+02
  -1.1738717e+02
  -1.3363198e+02
  -1.1589362e+02
  -1.2987658e+02
  -1.1479495e+02
  -1.2738721e+02
  -1.1404997e+02
  -1.2579394e+02
  -1.1363326e+02
  -1.2491363e+02
  -1.1353130e+02
  -1.2465675e+02
  -1.1374062e+02
  -1.2499278e+02
  -1.1426747e+02
  -1.2593997e+02
  -1.1512862e+02
  -1.2757121e+02
  -1.1635389e+02
  -1.3004070e+02
  -1.1799102e+02
  -1.3365586e+02
  -1.2011486e+02
  -1.3908812e+02
  -1.2284529e+02
  -1.4821230e+02
  -1.2638534e+02
  -1.7185458e+02
  -1.3111350e+02
  -1.5952368e+02
  -1.3786080e+02
  -1.4346203e+02
  -1.4913242e+02
  -1.3529579e+02
  -1.8882876e+02
  -1.2990341e+02
  -1.5386483e+02
  -1.2599496e+02
  -1.4128569e+02
  -1.2304587e+02
  -1.3459571e+02
  -1.2079229e+02
  -1.3028260e+02
  -1.1908479e+02
  -1.2732320e+02
  -1.1783295e+02
  -1.2528303e+02
  -1.1698067e+02
  -1.2394400e+02
  -1.1649408e+02
  -1.2318926e+02
  -1.1635546e+02
  -1.2295897e+02
  -1.1656035e+02
  -1.2323215e+02
  -1.1711694e+02
  -1.2402087e+02
  -1.1804737e+02
  -1.2537345e+02
  -1.1939163e+02
  -1.2738834e+02
  -1.2121527e+02
  -1.3024862e+02
  -1.2362494e+02
  -1.3430851e+02
  -1.2680085e+02
  -1.4035250e+02
  -1.3107350e+02
  -1.5070967e+02
  -1.3714301e+02
  -1.8426347e+02
  -1.4695578e+02
  -1.5619762e+02
  -1.7216714e+02
  -1.4253486e+02
  -1.5828636e+02
  -1.3514762e+02
  -1.4309834e+02
  -1.3021348e+02
  -1.3550756e+02
  -1.2664840e+02
  -1.3063614e+02
  -1.2399238e+02
  -1.2723477e+02
  -1.2200986e+02
  -1.2479569e+02
  -1.2056727e+02
  -1.2306654e+02
  -1.1958527e+02
  -1.2190862e+02
  -1.1901734e+02
  -1.2124333e+02
  -1.1883953e+02
  -1.2102903e+02
  -1.1904586e+02
  -1.2125076e+02
  -1.1964726e+02
  -1.2191687e+02
  -1.2067370e+02
  -1.2306077e+02
  -1.2218028e+02
