   2.7755576e-17
   3.6304679e-04
   1.4584897e-03
   3.3050860e-03
   5.9335995e-03
   9.3860617e-03
   1.3714757e-02
   1.8980944e-02
   2.5253349e-02
   3.2606435e-02
   4.1118501e-02
   5.0869633e-02
   6.1939534e-02
   7.4405298e-02
   8.8339133e-02
   1.0380611e-01
   1.2086194e-01
   1.3955086e-01
   1.5990363e-01
   1.8193573e-01
   2.0564569e-01
   2.3101370e-01
   2.5800050e-01
   2.8654652e-01
   3.1657129e-01
   3.4797326e-01
   3.8062987e-01
   4.1439798e-01
   4.4911466e-01
   4.8459823e-01
   5.2064973e-01
   5.5705457e-01
   5.9358453e-01
   6.3000000e-01
   6.6605242e-01
   7.0148694e-01
   7.3604518e-01
   7.6946817e-01
   8.0149928e-01
   8.3188726e-01
   8.6038919e-01
   8.8677339e-01
   9.1082228e-01
   9.3233498e-01
   9.5112987e-01
   9.6704677e-01
   9.7994902e-01
   9.8972513e-01
   9.9629026e-01
   9.9958721e-01
   9.9958721e-01
   9.9629026e-01
   9.8972513e-01
   9.7994902e-01
   9.6704677e-01
   9.5112987e-01
   9.3233498e-01
   9.1082228e-01
   8.8677339e-01
   8.6038919e-01
   8.3188726e-01
   8.0149928e-01
   7.6946817e-01
   7.3604518e-01
   7.0148694e-01
   6.6605242e-01
   6.3000000e-01
   5.9358453e-01
   5.5705457e-01
   5.2064973e-01
   4.8459823e-01
   4.4911466e-01
   4.1439798e-01
   3.8062987e-01
   3.4797326e-01
   3.1657129e-01
   2.8654652e-01
   2.5800050e-01
   2.3101370e-01
   2.0564569e-01
   1.8193573e-01
   1.5990363e-01
   1.3955086e-01
   1.2086194e-01
   1.0380611e-01
   8.8339133e-02
   7.4405298e-02
   6.1939534e-02
   5.0869633e-02
   4.1118501e-02
   3.2606435e-02
   2.5253349e-02
   1.8980944e-02
   1.3714757e-02
   9.3860617e-03
   5.9335995e-03
   3.3050860e-03
   1.4584897e-03
   3.6304679e-04
  -1.3877788e-17
