   8.0000000e-02
   8.0926129e-02
   8.3700786e-02
   8.8312799e-02
   9.4743597e-02
   1.0296729e-01
   1.1295075e-01
   1.2465379e-01
   1.3802929e-01
   1.5302337e-01
   1.6957568e-01
   1.8761956e-01
   2.0708234e-01
   2.2788567e-01
   2.4994577e-01
   2.7317382e-01
   2.9747628e-01
   3.2275531e-01
   3.4890909e-01
   3.7583234e-01
   4.0341663e-01
   4.3155089e-01
   4.6012184e-01
   4.8901443e-01
   5.1811232e-01
   5.4729834e-01
   5.7645498e-01
   6.0546483e-01
   6.3421107e-01
   6.6257795e-01
   6.9045126e-01
   7.1771876e-01
   7.4427064e-01
   7.7000000e-01
   7.9480323e-01
   8.1858046e-01
   8.4123594e-01
   8.6267845e-01
   8.8282165e-01
   9.0158442e-01
   9.1889123e-01
   9.3467237e-01
   9.4886431e-01
   9.6140989e-01
   9.7225861e-01
   9.8136677e-01
   9.8869770e-01
   9.9422189e-01
   9.9791708e-01
   9.9976841e-01
   9.9976841e-01
   9.9791708e-01
   9.9422189e-01
   9.8869770e-01
   9.8136677e-01
   9.7225861e-01
   9.6140989e-01
   9.4886431e-01
   9.3467237e-01
   9.1889123e-01
   9.0158442e-01
   8.8282165e-01
   8.6267845e-01
   8.4123594e-01
   8.1858046e-01
   7.9480323e-01
   7.7000000e-01
   7.4427064e-01
   7.1771876e-01
   6.9045126e-01
   6.6257795e-01
   6.3421107e-01
   6.0546483e-01
   5.7645498e-01
   5.4729834e-01
   5.1811232e-01
   4.8901443e-01
   4.6012184e-01
   4.3155089e-01
   4.0341663e-01
   3.7583234e-01
   3.4890909e-01
   3.2275531e-01
   2.9747628e-01
   2.7317382e-01
   2.4994577e-01
   2.2788567e-01
   2.0708234e-01
   1.8761956e-01
   1.6957568e-01
   1.5302337e-01
   1.3802929e-01
   1.2465379e-01
   1.1295075e-01
   1.0296729e-01
   9.4743597e-02
   8.8312799e-02
   8.3700786e-02
   8.0926129e-02
   8.0000000e-02
