   1.0928095e+02
   9.5216779e+01
   1.3439711e+01
  -1.6011122e+01
   1.6047809e+00
   5.6549266e+00
   7.3263160e+00
   8.1234475e+00
   8.4974596e+00
   8.6291284e+00
   8.6037362e+00
   8.4659934e+00
   8.2410802e+00
   7.9438627e+00
   7.5833418e+00
   7.1649654e+00
   6.6918986e+00
   6.1657517e+00
   5.5870079e+00
   4.9552758e+00
   4.2694337e+00
   3.5277024e+00
   2.7276657e+00
   1.8662510e+00
   9.3967053e-01
  -5.6675045e-02
  -1.1283389e+00
  -2.2820266e+00
  -3.5258690e+00
  -4.8698001e+00
  -6.3260826e+00
  -7.9100558e+00
  -9.6412222e+00
  -1.1544873e+01
  -1.3654606e+01
  -1.6016397e+01
  -1.8695528e+01
  -2.1789186e+01
  -2.5451406e+01
  -2.9948482e+01
  -3.5804449e+01
  -4.4301584e+01
  -6.0504313e+01
  -7.3406200e+01
  -4.9511570e+01
  -4.0200143e+01
  -3.4457081e+01
  -3.0382111e+01
  -2.7284733e+01
  -2.4835395e+01
  -2.2851100e+01
  -2.1219823e+01
  -1.9868151e+01
  -1.8745521e+01
  -1.7815778e+01
  -1.7052325e+01
  -1.6435182e+01
  -1.5949112e+01
  -1.5582395e+01
  -1.5325992e+01
  -1.5172976e+01
  -1.5118130e+01
  -1.5157667e+01
  -1.5289041e+01
  -1.5510820e+01
  -1.5822620e+01
  -1.6225076e+01
  -1.6719872e+01
  -1.7309807e+01
  -1.7998920e+01
  -1.8792683e+01
  -1.9698279e+01
  -2.0725000e+01
  -2.1884824e+01
  -2.3193240e+01
  -2.4670475e+01
  -2.6343359e+01
  -2.8248261e+01
  -3.0435912e+01
  -3.2979806e+01
  -3.5991873e+01
  -3.9654619e+01
  -4.4296099e+01
  -5.0602113e+01
  -6.0452952e+01
  -8.4597557e+01
  -7.2984699e+01
  -5.7254196e+01
  -4.9339599e+01
  -4.4093211e+01
  -4.0221342e+01
  -3.7197052e+01
  -3.4753305e+01
  -3.2736108e+01
  -3.1048684e+01
  -2.9626371e+01
  -2.8423964e+01
  -2.7408754e+01
  -2.6556455e+01
  -2.5848685e+01
  -2.5271342e+01
  -2.4813537e+01
  -2.4466853e+01
  -2.4224840e+01
  -2.4082662e+01
  -2.4036847e+01
  -2.4085119e+01
  -2.4226295e+01
  -2.4460231e+01
  -2.4787811e+01
  -2.5210989e+01
  -2.5732875e+01
  -2.6357878e+01
  -2.7091926e+01
  -2.7942781e+01
  -2.8920485e+01
  -3.0038013e+01
  -3.1312209e+01
  -3.2765198e+01
  -3.4426541e+01
  -3.6336683e+01
  -3.8552722e+01
  -4.1158667e+01
  -4.4285129e+01
  -4.8151272e+01
  -5.3168256e+01
  -6.0259187e+01
  -7.2367276e+01
  -1.8168438e+02
  -7.2689107e+01
  -6.0805677e+01
  -5.3961072e+01
  -4.9195912e+01
  -4.5583884e+01
  -4.2712780e+01
  -4.0363007e+01
  -3.8403755e+01
  -3.6750922e+01
  -3.5347363e+01
  -3.4152618e+01
  -3.3137128e+01
  -3.2278780e+01
  -3.1560746e+01
  -3.0970076e+01
  -3.0496752e+01
  -3.0133041e+01
  -2.9873045e+01
  -2.9712386e+01
  -2.9647988e+01
  -2.9677929e+01
  -2.9801358e+01
  -3.0018457e+01
  -3.0330442e+01
  -3.0739624e+01
  -3.1249512e+01
  -3.1864978e+01
  -3.2592506e+01
  -3.3440546e+01
  -3.4420021e+01
  -3.5545060e+01
  -3.6834073e+01
  -3.8311362e+01
  -4.0009641e+01
  -4.1974099e+01
  -4.4269344e+01
  -4.6992032e+01
  -5.0295879e+01
  -5.4447296e+01
  -5.9971573e+01
  -6.8156663e+01
  -8.4109722e+01
  -9.6342719e+01
  -7.2325752e+01
  -6.2745428e+01
  -5.6725982e+01
  -5.2377413e+01
  -4.9011541e+01
  -4.6299483e+01
  -4.4058397e+01
  -4.2176215e+01
  -4.0579403e+01
  -3.9217235e+01
  -3.8053380e+01
  -3.7061064e+01
  -3.6220125e+01
  -3.5515155e+01
  -3.4934261e+01
  -3.4468243e+01
  -3.4110017e+01
  -3.3854216e+01
  -3.3696910e+01
  -3.3635416e+01
  -3.3668172e+01
  -3.3794667e+01
  -3.4015419e+01
  -3.4331997e+01
  -3.4747092e+01
  -3.5264640e+01
  -3.5890014e+01
  -3.6630303e+01
  -3.7494713e+01
  -3.8495137e+01
  -3.9646985e+01
  -4.0970416e+01
  -4.2492194e+01
  -4.4248635e+01
  -4.6290430e+01
  -4.8691058e+01
  -5.1562478e+01
  -5.5087313e+01
  -5.9593957e+01
  -6.5769238e+01
  -7.5497730e+01
  -9.9584462e+01
  -8.7696454e+01
  -7.1868640e+01
  -6.3836504e+01
  -5.8470419e+01
  -5.4479229e+01
  -5.1336710e+01
  -4.8776084e+01
  -4.6643464e+01
  -4.4842108e+01
  -4.3307363e+01
  -4.1994014e+01
  -4.0869336e+01
  -3.9909019e+01
  -3.9094656e+01
  -3.8412121e+01
  -3.7850495e+01
  -3.7401335e+01
  -3.7058166e+01
  -3.6816123e+01
  -3.6671708e+01
  -3.6622620e+01
  -3.6667652e+01
  -3.6806633e+01
  -3.7040425e+01
  -3.7370959e+01
  -3.7801322e+01
  -3.8335904e+01
  -3.8980610e+01
  -3.9743183e+01
  -4.0633648e+01
  -4.1664961e+01
  -4.2853954e+01
  -4.4222737e+01
  -4.5800862e+01
  -4.7628771e+01
  -4.9763567e+01
  -5.2289278e+01
  -5.5336566e+01
  -5.9124715e+01
  -6.4065183e+01
  -7.1082011e+01
  -8.3123125e+01
  -2.0766205e+02
  -8.3256478e+01
  -7.1308472e+01
  -6.4393704e+01
  -5.9557543e+01
  -5.5874612e+01
  -5.2933009e+01
  -5.0513261e+01
  -4.8484615e+01
  -4.6762994e+01
  -4.5291267e+01
  -4.4028974e+01
  -4.2946555e+01
  -4.2021893e+01
  -4.1238155e+01
  -4.0582383e+01
  -4.0044552e+01
  -3.9616920e+01
  -3.9293583e+01
  -3.9070153e+01
  -3.8943547e+01
  -3.8911834e+01
  -3.8974157e+01
  -3.9130688e+01
  -3.9382636e+01
  -3.9732305e+01
  -4.0183196e+01
  -4.0740175e+01
  -4.1409718e+01
  -4.2200271e+01
  -4.3122751e+01
  -4.4191282e+01
  -4.5424270e+01
  -4.6846016e+01
  -4.8489233e+01
  -5.0399117e+01
  -5.2640287e+01
  -5.5309421e+01
  -5.8560290e+01
  -6.2659415e+01
  -6.8132382e+01
  -7.6268158e+01
  -9.2181025e+01
  -1.0430425e+02
  -8.0265487e+01
  -7.0638682e+01
  -6.4570635e+01
  -6.0173071e+01
  -5.6758237e+01
  -5.3997405e+01
  -5.1707799e+01
  -4.9777387e+01
  -4.8132647e+01
  -4.6722864e+01
  -4.5511711e+01
  -4.4472414e+01
  -4.3584813e+01
  -4.2833494e+01
  -4.2206566e+01
  -4.1694825e+01
  -4.1291185e+01
  -4.0990273e+01
  -4.0788159e+01
  -4.0682156e+01
  -4.0670697e+01
  -4.0753269e+01
  -4.0930388e+01
  -4.1203618e+01
  -4.1575648e+01
  -4.2050410e+01
  -4.2633276e+01
  -4.3331332e+01
  -4.4153781e+01
  -4.5112515e+01
  -4.6222943e+01
  -4.7505223e+01
  -4.8986122e+01
  -5.0701957e+01
  -5.2703428e+01
  -5.5064026e+01
  -5.7895735e+01
  -6.1381230e+01
  -6.5849022e+01
  -7.1986260e+01
  -8.1678814e+01
  -1.0574856e+02
  -9.3778157e+01
  -7.7920728e+01
  -6.9852609e+01
  -6.4449560e+01
  -6.0421193e+01
  -5.7241505e+01
  -5.4643808e+01
  -5.2474255e+01
  -5.0636127e+01
  -4.9064779e+01
  -4.7715003e+01
  -4.6554078e+01
  -4.5557697e+01
  -4.4707451e+01
  -4.3989215e+01
  -4.3392069e+01
  -4.2907570e+01
  -4.2529240e+01
  -4.2252213e+01
  -4.2072991e+01
  -4.1989271e+01
  -4.1999843e+01
  -4.2104536e+01
  -4.2304211e+01
  -4.2600797e+01
  -4.2997379e+01
  -4.3498346e+01
  -4.4109602e+01
  -4.4838889e+01
  -4.5696232e+01
  -4.6694587e+01
  -4.7850785e+01
  -4.9186937e+01
  -5.0732599e+01
  -5.2528215e+01
  -5.4630897e+01
  -5.7124687e+01
  -6.0140273e+01
  -6.3896994e+01
  -6.8806438e+01
  -7.5793035e+01
  -8.7806674e+01
  -2.2761843e+02
  -8.7861915e+01
  -7.5886845e+01
  -6.8942525e+01
  -6.4076286e+01
  -6.0363145e+01
  -5.7391328e+01
  -5.4941419e+01
  -5.2882691e+01
  -5.1131080e+01
  -4.9629463e+01
  -4.8337386e+01
  -4.7225291e+01
  -4.6271063e+01
  -4.5457869e+01
  -4.4772752e+01
  -4.4205686e+01
  -4.3748929e+01
  -4.3396577e+01
  -4.3144241e+01
  -4.2988836e+01
  -4.2928433e+01
  -4.2962172e+01
  -4.3090224e+01
  -4.3313800e+01
  -4.3635202e+01
  -4.4057929e+01
  -4.4586847e+01
  -4.5228434e+01
  -4.5991132e+01
  -4.6885860e+01
  -4.7926743e+01
  -4.9132186e+01
  -5.0526493e+01
  -5.2142381e+01
  -5.4025048e+01
  -5.6239123e+01
  -5.8881299e+01
  -6.2105375e+01
  -6.6177935e+01
  -7.1624718e+01
  -7.9735219e+01
  -9.5627414e+01
  -1.0769386e+02
  -8.3643668e+01
  -7.3992573e+01
  -6.7899027e+01
  -6.3475646e+01
  -6.0034903e+01
  -5.7248148e+01
  -5.4932646e+01
  -5.2976380e+01
  -5.1305841e+01
  -4.9870318e+01
  -4.8633488e+01
  -4.7568579e+01
  -4.6655433e+01
  -4.5878638e+01
  -4.5226301e+01
  -4.4689219e+01
  -4.4260304e+01
  -4.3934188e+01
  -4.3706935e+01
  -4.3575860e+01
  -4.3539397e+01
  -4.3597031e+01
  -4.3749277e+01
  -4.3997701e+01
  -4.4344989e+01
  -4.4795075e+01
  -4.5353330e+01
  -4.6026839e+01
  -4.6824806e+01
  -4.7759122e+01
  -4.8845200e+01
  -5.0103196e+01
  -5.1559880e+01
  -5.3251572e+01
  -5.5228978e+01
  -5.7565599e+01
  -6.0373434e+01
  -6.3835192e+01
  -6.8279455e+01
  -7.4393574e+01
  -8.4064215e+01
  -1.0812362e+02
  -9.6102587e+01
  -8.0226863e+01
  -7.2136461e+01
  -6.6710445e+01
  -6.2658898e+01
  -5.9455955e+01
  -5.6834984e+01
  -5.4642163e+01
  -5.2780786e+01
  -5.1186219e+01
  -4.9813255e+01
  -4.8629178e+01
  -4.7609682e+01
  -4.6736360e+01
  -4.5995086e+01
  -4.5374942e+01
  -4.4867484e+01
  -4.4466235e+01
  -4.4166329e+01
  -4.3964267e+01
  -4.3857747e+01
  -4.3845557e+01
  -4.3927528e+01
  -4.4104518e+01
  -4.4378459e+01
  -4.4752434e+01
  -4.5230831e+01
  -4.5819557e+01
  -4.6526352e+01
  -4.7361241e+01
