   1.0797616e+02
   9.6511377e+01
   2.4345896e+01
   7.0648737e+00
  -4.0038249e+00
  -1.2319499e+01
  -1.9044569e+01
  -2.4727861e+01
  -2.9676252e+01
  -3.4080139e+01
  -3.8066392e+01
  -4.1724123e+01
  -4.5118536e+01
  -4.8298944e+01
  -5.1303689e+01
  -5.4163306e+01
  -5.6902641e+01
  -5.9542308e+01
  -6.2099735e+01
  -6.4589928e+01
  -6.7026044e+01
  -6.9419836e+01
  -7.1782014e+01
  -7.4122534e+01
  -7.6450857e+01
  -7.8776182e+01
  -8.1107670e+01
  -8.3454671e+01
  -8.5826977e+01
  -8.8235114e+01
  -9.0690687e+01
  -9.3206842e+01
  -9.5798854e+01
  -9.8484963e+01
  -1.0128755e+02
  -1.0423491e+02
  -1.0736394e+02
  -1.1072461e+02
  -1.1438748e+02
  -1.1845760e+02
  -1.2310245e+02
  -1.2861523e+02
  -1.3558651e+02
  -1.4552934e+02
  -1.6529392e+02
  -1.6797646e+02
  -1.4954710e+02
  -1.4174958e+02
  -1.3704470e+02
  -1.3384507e+02
  -1.3154170e+02
  -1.2983589e+02
  -1.2855906e+02
  -1.2760689e+02
  -1.2691055e+02
  -1.2642240e+02
  -1.2610824e+02
  -1.2594287e+02
  -1.2590730e+02
  -1.2598704e+02
  -1.2617090e+02
  -1.2645023e+02
  -1.2681834e+02
  -1.2727014e+02
  -1.2780187e+02
  -1.2841087e+02
  -1.2909550e+02
  -1.2985499e+02
  -1.3068946e+02
  -1.3159987e+02
  -1.3258807e+02
  -1.3365683e+02
  -1.3480999e+02
  -1.3605258e+02
  -1.3739108e+02
  -1.3883372e+02
  -1.4039093e+02
  -1.4207600e+02
  -1.4390601e+02
  -1.4590319e+02
  -1.4809708e+02
  -1.5052791e+02
  -1.5325220e+02
  -1.5635280e+02
  -1.5995802e+02
  -1.6428218e+02
  -1.6972484e+02
  -1.7717418e+02
  -1.8940105e+02
  -2.4518305e+02
  -1.9208197e+02
  -1.8026863e+02
  -1.7373770e+02
  -1.6934026e+02
  -1.6611287e+02
  -1.6363105e+02
  -1.6167000e+02
  -1.6009632e+02
  -1.5882447e+02
  -1.5779641e+02
  -1.5697110e+02
  -1.5631856e+02
  -1.5581632e+02
  -1.5544726e+02
  -1.5519814e+02
  -1.5505866e+02
  -1.5502078e+02
  -1.5507823e+02
  -1.5522624e+02
  -1.5546126e+02
  -1.5578081e+02
  -1.5618338e+02
  -1.5666835e+02
  -1.5723595e+02
  -1.5788732e+02
  -1.5862447e+02
  -1.5945045e+02
  -1.6036942e+02
  -1.6138686e+02
  -1.6250982e+02
  -1.6374733e+02
  -1.6511091e+02
  -1.6661534e+02
  -1.6827978e+02
  -1.7012947e+02
  -1.7219839e+02
  -1.7453348e+02
  -1.7720208e+02
  -1.8030538e+02
  -1.8400542e+02
  -1.8858599e+02
  -1.9461616e+02
  -2.0353585e+02
  -2.2159386e+02
  -2.2654117e+02
  -2.0621615e+02
  -1.9747079e+02
  -1.9196105e+02
  -1.8801637e+02
  -1.8500492e+02
  -1.8261884e+02
  -1.8068488e+02
  -1.7909598e+02
  -1.7778143e+02
  -1.7669221e+02
  -1.7579304e+02
  -1.7505782e+02
  -1.7446678e+02
  -1.7400474e+02
  -1.7365991e+02
  -1.7342306e+02
  -1.7328700e+02
  -1.7324615e+02
  -1.7329630e+02
  -1.7343437e+02
  -1.7365830e+02
  -1.7396696e+02
  -1.7436010e+02
  -1.7483833e+02
  -1.7540315e+02
  -1.7605702e+02
  -1.7680345e+02
  -1.7764716e+02
  -1.7859431e+02
  -1.7965280e+02
  -1.8083272e+02
  -1.8214702e+02
  -1.8361236e+02
  -1.8525052e+02
  -1.8709048e+02
  -1.8917169e+02
  -1.9154964e+02
  -1.9430556e+02
  -1.9756501e+02
  -2.0153699e+02
  -2.0660908e+02
  -2.1363453e+02
  -2.2521867e+02
  -2.6937443e+02
  -2.2883345e+02
  -2.1631800e+02
  -2.0937438e+02
  -2.0463648e+02
  -2.0109962e+02
  -1.9832581e+02
  -1.9608448e+02
  -1.9423931e+02
  -1.9270308e+02
  -1.9141676e+02
  -1.9033860e+02
  -1.8943812e+02
  -1.8869253e+02
  -1.8808440e+02
  -1.8760028e+02
  -1.8722967e+02
  -1.8696435e+02
  -1.8679793e+02
  -1.8672550e+02
  -1.8674339e+02
  -1.8684901e+02
  -1.8704074e+02
  -1.8731785e+02
  -1.8768050e+02
  -1.8812970e+02
  -1.8866739e+02
  -1.8929649e+02
  -1.9002107e+02
  -1.9084648e+02
  -1.9177966e+02
  -1.9282948e+02
  -1.9400729e+02
  -1.9532767e+02
  -1.9680951e+02
  -1.9847769e+02
  -2.0036569e+02
  -2.0251973e+02
  -2.0500600e+02
  -2.0792375e+02
  -2.1143144e+02
  -2.1580534e+02
  -2.2159541e+02
  -2.3017444e+02
  -2.4726637e+02
  -2.5517865e+02
  -2.3340710e+02
  -2.2429129e+02
  -2.1854277e+02
  -2.1440271e+02
  -2.1121619e+02
  -2.0866665e+02
  -2.0657682e+02
  -2.0483752e+02
  -2.0337679e+02
  -2.0214486e+02
  -2.0110592e+02
  -2.0023352e+02
  -1.9950764e+02
  -1.9891291e+02
  -1.9843736e+02
  -1.9807166e+02
  -1.9780850e+02
  -1.9764224e+02
  -1.9756858e+02
  -1.9758437e+02
  -1.9768749e+02
  -1.9787676e+02
  -1.9815185e+02
  -1.9851334e+02
  -1.9896265e+02
  -1.9950219e+02
  -2.0013540e+02
  -2.0086692e+02
  -2.0170283e+02
  -2.0265094e+02
  -2.0372121e+02
  -2.0492643e+02
  -2.0628305e+02
  -2.0781259e+02
  -2.0954364e+02
  -2.1151508e+02
  -2.1378154e+02
  -2.1642282e+02
  -2.1956193e+02
  -2.2340289e+02
  -2.2832189e+02
  -2.3513924e+02
  -2.4630842e+02
  -2.8401108e+02
  -2.5127157e+02
  -2.3821917e+02
  -2.3104967e+02
  -2.2615788e+02
  -2.2249555e+02
  -2.1961070e+02
  -2.1726689e+02
  -2.1532488e+02
  -2.1369586e+02
  -2.1231982e+02
  -2.1115442e+02
  -2.1016877e+02
  -2.0933977e+02
  -2.0864980e+02
  -2.0808524e+02
  -2.0763547e+02
  -2.0729219e+02
  -2.0704891e+02
  -2.0690067e+02
  -2.0684373e+02
  -2.0687546e+02
  -2.0699418e+02
  -2.0719914e+02
  -2.0749042e+02
  -2.0786900e+02
  -2.0833677e+02
  -2.0889662e+02
  -2.0955253e+02
  -2.1030980e+02
  -2.1117529e+02
  -2.1215777e+02
  -2.1326846e+02
  -2.1452177e+02
  -2.1593637e+02
  -2.1753684e+02
  -2.1935619e+02
  -2.2143998e+02
  -2.2385330e+02
  -2.2669356e+02
  -2.3011578e+02
  -2.3438898e+02
  -2.4004493e+02
  -2.4839354e+02
  -2.6469664e+02
  -2.7580071e+02
  -2.5248246e+02
  -2.4308244e+02
  -2.3718861e+02
  -2.3294722e+02
  -2.2967918e+02
  -2.2705891e+02
  -2.2490503e+02
  -2.2310619e+02
  -2.2158923e+02
  -2.2030357e+02
  -2.1921294e+02
  -2.1829053e+02
  -2.1751610e+02
  -2.1687409e+02
  -2.1635241e+02
  -2.1594162e+02
  -2.1563434e+02
  -2.1542486e+02
  -2.1530882e+02
  -2.1528302e+02
  -2.1534532e+02
  -2.1549446e+02
  -2.1573012e+02
  -2.1605280e+02
  -2.1646391e+02
  -2.1696580e+02
  -2.1756187e+02
  -2.1825671e+02
  -2.1905632e+02
  -2.1996842e+02
  -2.2100290e+02
  -2.2217237e+02
  -2.2349314e+02
  -2.2498644e+02
  -2.2668051e+02
  -2.2861371e+02
  -2.3083981e+02
  -2.3343723e+02
  -2.3652653e+02
  -2.4030692e+02
  -2.4514367e+02
  -2.5182584e+02
  -2.6266725e+02
  -2.9600557e+02
  -2.6913298e+02
  -2.5557733e+02
  -2.4824405e+02
  -2.4326380e+02
  -2.3954217e+02
  -2.3661261e+02
  -2.3423258e+02
  -2.3225989e+02
  -2.3060410e+02
  -2.2920423e+02
  -2.2801733e+02
  -2.2701211e+02
  -2.2616519e+02
  -2.2545876e+02
  -2.2487904e+02
  -2.2441532e+02
  -2.2405921e+02
  -2.2380416e+02
  -2.2364514e+02
  -2.2357840e+02
  -2.2360124e+02
  -2.2371197e+02
  -2.2390980e+02
  -2.2419478e+02
  -2.2456787e+02
  -2.2503093e+02
  -2.2558680e+02
  -2.2623943e+02
  -2.2699407e+02
  -2.2785751e+02
  -2.2883843e+02
  -2.2994797e+02
  -2.3120036e+02
  -2.3261410e+02
  -2.3421346e+02
  -2.3603104e+02
  -2.3811174e+02
  -2.4051962e+02
  -2.4335028e+02
  -2.4675543e+02
  -2.5099714e+02
  -2.5658980e+02
  -2.6478433e+02
  -2.8043334e+02
  -2.9499519e+02
  -2.6994498e+02
  -2.6031934e+02
  -2.5434834e+02
  -2.5007613e+02
  -2.4679821e+02
  -2.4417966e+02
  -2.4203489e+02
  -2.4025036e+02
  -2.3875166e+02
  -2.3748749e+02
  -2.3642108e+02
  -2.3552531e+02
  -2.3477973e+02
  -2.3416863e+02
  -2.3367983e+02
  -2.3330382e+02
  -2.3303316e+02
  -2.3286211e+02
  -2.3278630e+02
  -2.3280251e+02
  -2.3290860e+02
  -2.3310332e+02
  -2.3338633e+02
  -2.3375815e+02
  -2.3422019e+02
  -2.3477481e+02
  -2.3542540e+02
  -2.3617654e+02
  -2.3703424e+02
  -2.3800616e+02
  -2.3910215e+02
  -2.4033476e+02
  -2.4172015e+02
  -2.4327939e+02
  -2.4504041e+02
  -2.4704110e+02
  -2.4933449e+02
  -2.5199773e+02
  -2.5514906e+02
  -2.5898310e+02
  -2.6385471e+02
  -2.7052340e+02
  -2.8117428e+02
  -3.1136838e+02
  -2.8941511e+02
  -2.7544588e+02
  -2.6807383e+02
  -2.6313691e+02
  -2.5949180e+02
  -2.5665684e+02
  -2.5438336e+02
  -2.5252624e+02
  -2.5099353e+02
  -2.4972341e+02
  -2.4867249e+02
  -2.4780923e+02
  -2.4711015e+02
  -2.4655744e+02
  -2.4613741e+02
  -2.4583942e+02
  -2.4565524e+02
  -2.4557852e+02
  -2.4560443e+02
  -2.4572946e+02
  -2.4595118e+02
  -2.4626819e+02
  -2.4668000e+02
  -2.4718703e+02
  -2.4779059e+02
  -2.4849293e+02
  -2.4929732e+02
  -2.5020817e+02
  -2.5123121e+02
  -2.5237375e+02
  -2.5364504e+02
  -2.5505675e+02
  -2.5662376e+02
  -2.5836516e+02
  -2.6030584e+02
  -2.6247896e+02
  -2.6492985e+02
  -2.6772275e+02
  -2.7095285e+02
  -2.7477008e+02
  -2.7943143e+02
  -2.8543650e+02
  -2.9398290e+02
  -3.0956120e+02
  -3.2842824e+02
  -3.0189785e+02
  -2.9266098e+02
  -2.8727804e+02
  -2.8368773e+02
  -2.8116426e+02
  -2.7936951e+02
  -2.7812124e+02
  -2.7731299e+02
  -2.7688053e+02
