   1.0367567e+02
   9.6172123e+01
   7.1305015e+01
   1.4465326e+01
  -5.7494919e+01
  -6.3906453e+01
  -8.7318023e+01
  -1.0668827e+02
  -8.9381371e+01
  -8.5629022e+01
  -8.4744045e+01
  -8.4950878e+01
  -8.5657795e+01
  -8.6615977e+01
  -8.7708730e+01
  -8.8878852e+01
  -9.0098710e+01
  -9.1356423e+01
  -9.2649008e+01
  -9.3978808e+01
  -9.5351629e+01
  -9.6775804e+01
  -9.8261832e+01
  -9.9822401e+01
  -1.0147274e+02
  -1.0323131e+02
  -1.0512092e+02
  -1.0717052e+02
  -1.0941795e+02
  -1.1191458e+02
  -1.1473321e+02
  -1.1798278e+02
  -1.2183808e+02
  -1.2660817e+02
  -1.3292517e+02
  -1.4245659e+02
  -1.6350308e+02
  -1.5948524e+02
  -1.4214289e+02
  -1.3396271e+02
  -1.2866777e+02
  -1.2481531e+02
  -1.2183593e+02
  -1.1944605e+02
  -1.1748401e+02
  -1.1584903e+02
  -1.1447418e+02
  -1.1331286e+02
  -1.1233144e+02
  -1.1150499e+02
  -1.1081461e+02
  -1.1024575e+02
  -1.0978705e+02
  -1.0942965e+02
  -1.0916657e+02
  -1.0899238e+02
  -1.0890288e+02
  -1.0889498e+02
  -1.0896647e+02
  -1.0911601e+02
  -1.0934299e+02
  -1.0964757e+02
  -1.1003065e+02
  -1.1049388e+02
  -1.1103976e+02
  -1.1167171e+02
  -1.1239420e+02
  -1.1321294e+02
  -1.1413520e+02
  -1.1517010e+02
  -1.1632921e+02
  -1.1762726e+02
  -1.1908326e+02
  -1.2072210e+02
  -1.2257717e+02
  -1.2469443e+02
  -1.2713953e+02
  -1.3001066e+02
  -1.3346413e+02
  -1.3777153e+02
  -1.4347076e+02
  -1.5189245e+02
  -1.6844697e+02
  -1.7845794e+02
  -1.5567479e+02
  -1.4636196e+02
  -1.4050661e+02
  -1.3628768e+02
  -1.3303441e+02
  -1.3042439e+02
  -1.2827774e+02
  -1.2648396e+02
  -1.2497041e+02
  -1.2368690e+02
  -1.2259746e+02
  -1.2167551e+02
  -1.2090103e+02
  -1.2025867e+02
  -1.1973655e+02
  -1.1932544e+02
  -1.1901817e+02
  -1.1880926e+02
  -1.1869462e+02
  -1.1867134e+02
  -1.1873758e+02
  -1.1889248e+02
  -1.1913612e+02
  -1.1946952e+02
  -1.1989470e+02
  -1.2041473e+02
  -1.2103390e+02
  -1.2175789e+02
  -1.2259411e+02
  -1.2355206e+02
  -1.2464394e+02
  -1.2588550e+02
  -1.2729728e+02
  -1.2890654e+02
  -1.3075021e+02
  -1.3287992e+02
  -1.3537056e+02
  -1.3833651e+02
  -1.4196497e+02
  -1.4659435e+02
  -1.5293869e+02
  -1.6299268e+02
  -1.8908844e+02
  -1.7355563e+02
  -1.5846963e+02
  -1.5066958e+02
  -1.4543923e+02
  -1.4154814e+02
  -1.3848810e+02
  -1.3599957e+02
  -1.3393215e+02
  -1.3219098e+02
  -1.3071249e+02
  -1.2945215e+02
  -1.2837768e+02
  -1.2746506e+02
  -1.2669606e+02
  -1.2605668e+02
  -1.2553607e+02
  -1.2512582e+02
  -1.2481945e+02
  -1.2461206e+02
  -1.2450009e+02
  -1.2448114e+02
  -1.2455385e+02
  -1.2471790e+02
  -1.2497392e+02
  -1.2532356e+02
  -1.2576954e+02
  -1.2631581e+02
  -1.2696768e+02
  -1.2773214e+02
  -1.2861823e+02
  -1.2963758e+02
  -1.3080524e+02
  -1.3214081e+02
  -1.3367026e+02
  -1.3542867e+02
  -1.3746484e+02
  -1.3984913e+02
  -1.4268804e+02
  -1.4615375e+02
  -1.5055182e+02
  -1.5650806e+02
  -1.6567006e+02
  -1.8615049e+02
  -1.8252101e+02
  -1.6471504e+02
  -1.5623602e+02
  -1.5067993e+02
  -1.4658787e+02
  -1.4338553e+02
  -1.4078713e+02
  -1.3862978e+02
  -1.3681190e+02
  -1.3526601e+02
  -1.3394510e+02
  -1.3281528e+02
  -1.3185142e+02
  -1.3103451e+02
  -1.3034998e+02
  -1.2978654e+02
  -1.2933547e+02
  -1.2899002e+02
  -1.2874510e+02
  -1.2859698e+02
  -1.2854315e+02
  -1.2858216e+02
  -1.2871358e+02
  -1.2893800e+02
  -1.2925701e+02
  -1.2967330e+02
  -1.3019079e+02
  -1.3081480e+02
  -1.3155233e+02
  -1.3241243e+02
  -1.3340680e+02
  -1.3455055e+02
  -1.3586342e+02
  -1.3737156e+02
  -1.3911037e+02
  -1.4112910e+02
  -1.4349888e+02
  -1.4632757e+02
  -1.4978991e+02
  -1.5419710e+02
  -1.6018975e+02
  -1.6947181e+02
  -1.9073385e+02
  -1.8505440e+02
  -1.6778607e+02
  -1.5940947e+02
  -1.5388686e+02
  -1.4980489e+02
  -1.4660203e+02
  -1.4399754e+02
  -1.4183088e+02
  -1.4000173e+02
  -1.3844333e+02
  -1.3710915e+02
  -1.3596560e+02
  -1.3498775e+02
  -1.3415675e+02
  -1.3345815e+02
  -1.3288074e+02
  -1.3241588e+02
  -1.3205689e+02
  -1.3179873e+02
  -1.3163774e+02
  -1.3157146e+02
  -1.3159850e+02
  -1.3171850e+02
  -1.3193213e+02
  -1.3224106e+02
  -1.3264810e+02
  -1.3315728e+02
  -1.3377410e+02
  -1.3450574e+02
  -1.3536153e+02
  -1.3635351e+02
  -1.3749726e+02
  -1.3881315e+02
  -1.4032826e+02
  -1.4207932e+02
  -1.4411770e+02
  -1.4651791e+02
  -1.4939375e+02
  -1.5293135e+02
  -1.5746686e+02
  -1.6370817e+02
  -1.7362498e+02
  -1.9918480e+02
  -1.8441726e+02
  -1.6911256e+02
  -1.6120214e+02
  -1.5588319e+02
  -1.5191223e+02
  -1.4877716e+02
  -1.4621687e+02
  -1.4408018e+02
  -1.4227181e+02
  -1.4072797e+02
  -1.3940397e+02
  -1.3826742e+02
  -1.3729425e+02
  -1.3646622e+02
  -1.3576929e+02
  -1.3519263e+02
  -1.3472784e+02
  -1.3436848e+02
  -1.3410969e+02
  -1.3394796e+02
  -1.3388100e+02
  -1.3390755e+02
  -1.3402740e+02
  -1.3424135e+02
  -1.3455126e+02
  -1.3496011e+02
  -1.3547215e+02
  -1.3609311e+02
  -1.3683052e+02
  -1.3769410e+02
  -1.3869641e+02
  -1.3985373e+02
  -1.4118743e+02
  -1.4272594e+02
  -1.4450807e+02
  -1.4658836e+02
  -1.4904655e+02
  -1.5200566e+02
  -1.5566983e+02
  -1.6041554e+02
  -1.6706409e+02
  -1.7807370e+02
  -2.1577695e+02
  -1.8265526e+02
  -1.6945616e+02
  -1.6213210e+02
  -1.5708606e+02
  -1.5327128e+02
  -1.5023631e+02
  -1.4774491e+02
  -1.4565803e+02
  -1.4388699e+02
  -1.4237190e+02
  -1.4107054e+02
  -1.3995217e+02
  -1.3899385e+02
  -1.3817814e+02
  -1.3749163e+02
  -1.3692394e+02
  -1.3646703e+02
  -1.3611477e+02
  -1.3586253e+02
  -1.3570706e+02
  -1.3564621e+02
  -1.3567896e+02
  -1.3580526e+02
  -1.3602611e+02
  -1.3634357e+02
  -1.3676086e+02
  -1.3728249e+02
  -1.3791452e+02
  -1.3866486e+02
  -1.3954375e+02
  -1.4056440e+02
  -1.4174398e+02
  -1.4310507e+02
  -1.4467788e+02
  -1.4650382e+02
  -1.4864152e+02
  -1.5117754e+02
  -1.5424712e+02
  -1.5807868e+02
  -1.6310518e+02
  -1.7031592e+02
  -1.8299480e+02
  -2.2768872e+02
  -1.8059062e+02
  -1.6921433e+02
  -1.6248095e+02
  -1.5772607e+02
  -1.5408392e+02
  -1.5116272e+02
  -1.4875165e+02
  -1.4672433e+02
  -1.4499909e+02
  -1.4352026e+02
  -1.4224832e+02
  -1.4115433e+02
  -1.4021658e+02
  -1.3941856e+02
  -1.3874753e+02
  -1.3819362e+02
  -1.3774921e+02
  -1.3740850e+02
  -1.3716716e+02
  -1.3702216e+02
  -1.3697161e+02
  -1.3701467e+02
  -1.3715153e+02
  -1.3738340e+02
  -1.3771257e+02
  -1.3814253e+02
  -1.3867809e+02
  -1.3932570e+02
  -1.4009372e+02
  -1.4099296e+02
  -1.4203742e+02
  -1.4324529e+02
  -1.4464059e+02
  -1.4625562e+02
  -1.4813494e+02
  -1.5034213e+02
  -1.5297211e+02
  -1.5617542e+02
  -1.6021180e+02
  -1.6558997e+02
  -1.7354211e+02
  -1.8879563e+02
  -2.0436849e+02
  -1.7848584e+02
  -1.6859353e+02
  -1.6240799e+02
  -1.5793786e+02
  -1.5446996e+02
  -1.5166623e+02
  -1.4933966e+02
  -1.4737603e+02
  -1.4570055e+02
  -1.4426174e+02
  -1.4302276e+02
  -1.4195649e+02
  -1.4104251e+02
  -1.4026523e+02
  -1.3961261e+02
  -1.3907532e+02
  -1.3864618e+02
  -1.3831972e+02
  -1.3809193e+02
  -1.3796003e+02
  -1.3792238e+02
  -1.3797837e+02
  -1.3812840e+02
  -1.3837394e+02
  -1.3871754e+02
  -1.3916296e+02
  -1.3971537e+02
  -1.4038162e+02
  -1.4117058e+02
  -1.4209373e+02
  -1.4316591e+02
  -1.4440651e+02
  -1.4584119e+02
  -1.4750464e+02
  -1.4944507e+02
  -1.5173193e+02
  -1.5447016e+02
  -1.5782902e+02
  -1.6210785e+02
  -1.6791610e+02
  -1.7684050e+02
  -1.9640640e+02
  -1.9497046e+02
  -1.7640192e+02
  -1.6770076e+02
  -1.6200525e+02
  -1.5780235e+02
  -1.5450270e+02
  -1.5181469e+02
  -1.4957267e+02
  -1.4767361e+02
  -1.4604917e+02
  -1.4465185e+02
  -1.4344739e+02
  -1.4241044e+02
  -1.4152185e+02
  -1.4076691e+02
  -1.4013430e+02
  -1.3961523e+02
  -1.3920293e+02
  -1.3889230e+02
  -1.3867962e+02
  -1.3856240e+02
  -1.3853924e+02
  -1.3860976e+02
  -1.3877463e+02
  -1.3903553e+02
  -1.3939531e+02
  -1.3985803e+02
  -1.4042925e+02
  -1.4111624e+02
  -1.4192843e+02
  -1.4287803e+02
  -1.4398084e+02
  -1.4525754e+02
  -1.4673564e+02
  -1.4845256e+02
  -1.5046070e+02
  -1.5283628e+02
  -1.5569611e+02
  -1.5923217e+02
  -1.6379359e+02
  -1.7012414e+02
  -1.8034250e+02
  -2.0878491e+02
  -1.8889019e+02
  -1.7433278e+02
  -1.6659000e+02
  -1.6132558e+02
  -1.5736797e+02
  -1.5422678e+02
  -1.5164973e+02
  -1.4948988e+02
  -1.4765427e+02
  -1.4608047e+02
  -1.4472463e+02
  -1.4355497e+02
  -1.4254778e+02
  -1.4168511e+02
  -1.4095315e+02
  -1.4034123e+02
  -1.3984108e+02
  -1.3944637e+02
  -1.3915235e+02
  -1.3895560e+02
  -1.3885390e+02
  -1.3884608e+02
  -1.3893204e+02
  -1.3911267e+02
  -1.3938993e+02
  -1.3976694e+02
  -1.4024811e+02
  -1.4083936e+02
  -1.4154846e+02
  -1.4238545e+02
