   1.2000000e+02
   5.5192777e+01
   5.5145725e+01
   5.5067192e+01
   5.4957004e+01
   5.4814919e+01
   5.4640618e+01
   5.4433706e+01
   5.4193707e+01
   5.3920056e+01
   5.3612094e+01
   5.3269064e+01
   5.2890093e+01
   5.2474188e+01
   5.2020219e+01
   5.1526906e+01
   5.0992795e+01
   5.0416237e+01
   4.9795363e+01
   4.9128043e+01
   4.8411854e+01
   4.7644018e+01
   4.6821350e+01
   4.5940171e+01
   4.4996211e+01
   4.3984484e+01
   4.2899121e+01
   4.1733158e+01
   4.0478245e+01
   3.9124266e+01
   3.7658797e+01
   3.6066360e+01
   3.4327319e+01
   3.2416258e+01
   3.0299445e+01
   2.7930752e+01
   2.5244699e+01
   2.2143807e+01
   1.8473546e+01
   1.3966640e+01
   8.0966573e+00
  -4.2674496e-01
  -1.6724051e+01
  -2.9166465e+01
  -5.5072313e+00
   3.7686948e+00
   9.4962269e+00
   1.3561899e+01
   1.6652774e+01
   1.9097131e+01
   2.1077383e+01
   2.2705249e+01
   2.4053964e+01
   2.5173978e+01
   2.6101374e+01
   2.6862695e+01
   2.7477883e+01
   2.7962147e+01
   2.8327187e+01
   2.8582021e+01
   2.8733565e+01
   2.8787022e+01
   2.8746170e+01
   2.8613545e+01
   2.8390571e+01
   2.8077627e+01
   2.7674069e+01
   2.7178207e+01
   2.6587236e+01
   2.5897111e+01
   2.5102352e+01
   2.4195770e+01
   2.3168062e+01
   2.2007241e+01
   2.0697804e+01
   1.9219507e+01
   1.7545495e+01
   1.5639365e+01
   1.3450333e+01
   1.0904821e+01
   7.8907525e+00
   4.2253398e+00
  -4.2008851e-01
  -6.7330039e+00
  -1.6600372e+01
  -4.0857560e+01
  -2.9020093e+01
  -1.3335235e+01
  -5.4323226e+00
  -1.9144596e-01
   3.6771223e+00
   6.6991565e+00
   9.1412268e+00
   1.1157102e+01
   1.2843440e+01
   1.4264830e+01
   1.5466436e+01
   1.6480933e+01
   1.7332589e+01
   1.8039773e+01
   1.8616573e+01
   1.9073872e+01
   1.9420080e+01
   1.9661641e+01
   1.9803388e+01
   1.9848789e+01
   1.9800117e+01
   1.9658552e+01
   1.9424236e+01
   1.9096281e+01
   1.8672731e+01
   1.8150474e+01
   1.7525097e+01
   1.6790668e+01
   1.5939423e+01
   1.4961313e+01
   1.3843357e+01
   1.2568702e+01
   1.1115212e+01
   9.4533099e+00
   7.5425245e+00
   5.3257180e+00
   2.7188183e+00
  -4.0890163e-01
  -4.2768379e+00
  -9.2966895e+00
  -1.6393183e+01
  -2.8517611e+01
       -Infinity
  -2.8774952e+01
  -1.6907898e+01
  -1.0068845e+01
  -5.3065334e+00
  -1.6962695e+00
   1.1736122e+00
   3.5224743e+00
   5.4810101e+00
   7.1332583e+00
   8.5363229e+00
   9.7306399e+00
   1.0745753e+01
   1.1603762e+01
   1.2321487e+01
   1.2911872e+01
   1.3384930e+01
   1.3748391e+01
   1.4008150e+01
   1.4168581e+01
   1.4232760e+01
   1.4202605e+01
   1.4078965e+01
   1.3861659e+01
   1.3549468e+01
   1.3140078e+01
   1.2629979e+01
   1.2014298e+01
   1.1286547e+01
   1.0438274e+01
   9.4585504e+00
   8.3332433e+00
   7.0439372e+00
   5.5663187e+00
   3.8676619e+00
   1.9027557e+00
  -3.9304073e-01
  -3.1164370e+00
  -6.4212549e+00
  -1.0574119e+01
  -1.6100860e+01
  -2.4291262e+01
  -4.0265295e+01
  -5.2393682e+01
  -2.8429222e+01
  -1.8856455e+01
  -1.2840079e+01
  -8.4931980e+00
  -5.1284105e+00
  -2.4171177e+00
  -1.7660892e-01
   1.7051157e+00
   3.3015533e+00
   4.6634048e+00
   5.8269855e+00
   6.8190602e+00
   7.6597813e+00
   8.3645542e+00
   8.9452657e+00
   9.4111133e+00
   9.7691785e+00
   1.0024826e+01
   1.0181985e+01
   1.0243336e+01
   1.0210441e+01
   1.0083809e+01
   9.8629200e+00
   9.5462045e+00
   9.1309704e+00
   8.6132802e+00
   7.9877589e+00
   7.2473152e+00
   6.3827417e+00
   5.3821420e+00
   4.2301007e+00
   2.9064555e+00
   1.3844319e+00
  -3.7229552e-01
  -2.4144376e+00
  -4.8155016e+00
  -7.6874973e+00
  -1.1213146e+01
  -1.5721056e+01
  -2.1898639e+01
  -3.1632802e+01
  -5.5758856e+01
  -4.3792273e+01
  -2.7980264e+01
  -1.9952116e+01
  -1.4587871e+01
  -1.0597753e+01
  -7.4559450e+00
  -4.8958319e+00
  -2.7636031e+00
  -9.6256010e-01
   5.7192667e-01
   1.8850570e+00
   3.0095454e+00
   3.9696937e+00
   4.7839054e+00
   5.4663026e+00
   6.0278008e+00
   6.4768410e+00
   6.8198976e+00
   7.0618328e+00
   7.2061440e+00
   7.2551308e+00
   7.2100004e+00
   7.0709214e+00
   6.8370311e+00
   6.5063977e+00
   6.0759333e+00
   5.5412481e+00
   4.8964333e+00
   4.1337459e+00
   3.2431584e+00
   2.2117114e+00
   1.0225709e+00
  -3.4637879e-01
  -1.9246964e+00
  -3.7528336e+00
  -5.8879102e+00
  -8.4139810e+00
  -1.1461756e+01
  -1.5250614e+01
  -2.0192238e+01
  -2.7211339e+01
  -3.9259194e+01
       -Infinity
  -3.9365786e+01
  -2.7424528e+01
  -2.0512032e+01
  -1.5677024e+01
  -1.1994799e+01
  -9.0536770e+00
  -6.6342830e+00
  -4.6059114e+00
  -2.8845115e+00
  -1.4129673e+00
  -1.5083125e-01
   9.3145123e-01
   1.8559918e+00
   2.6396205e+00
   3.2952925e+00
   3.8330314e+00
   4.2605759e+00
   4.5838308e+00
   4.8071816e+00
   4.9337122e+00
   4.9653503e+00
   4.9029543e+00
   4.7463515e+00
   4.4943304e+00
   4.1445872e+00
   3.6936204e+00
   3.1365632e+00
   2.4669373e+00
   1.6762972e+00
   7.5372304e-01
  -3.1491160e-01
  -1.5480146e+00
  -2.9698922e+00
  -4.6132632e+00
  -6.5233320e+00
  -8.7647327e+00
  -1.1434168e+01
  -1.4685454e+01
  -1.8785208e+01
  -2.4259255e+01
  -3.2397374e+01
  -4.8319526e+01
  -6.0396432e+01
  -3.6380882e+01
  -2.6757412e+01
  -2.0690715e+01
  -1.6293887e+01
  -1.2879524e+01
  -1.0119021e+01
  -7.8296626e+00
  -5.8994429e+00
  -4.2548603e+00
  -2.8452090e+00
  -1.6341690e+00
  -5.9497074e-01
   2.9254264e-01
   1.0437813e+00
   1.6706362e+00
   2.1823093e+00
   2.5858866e+00
   2.8867372e+00
   3.0887933e+00
   3.1947409e+00
   3.2061447e+00
   3.1235181e+00
   2.9463458e+00
   2.6730612e+00
   2.3009762e+00
   1.8261568e+00
   1.2432317e+00
   5.4511335e-01
  -2.7740238e-01
  -1.2362084e+00
  -2.3467168e+00
  -3.6290863e+00
  -5.1100885e+00
  -6.8260454e+00
  -8.8276646e+00
  -1.1188450e+01
  -1.4020409e+01
  -1.7506260e+01
  -2.1974607e+01
  -2.8112860e+01
  -3.7807923e+01
  -6.1895104e+01
  -4.9889872e+01
  -3.4039435e+01
  -2.5973078e+01
  -2.0570839e+01
  -1.6542942e+01
  -1.3363565e+01
  -1.0766091e+01
  -8.5967076e+00
  -6.7587129e+00
  -5.1874753e+00
  -3.8377925e+00
  -2.6769477e+00
  -1.6806367e+00
  -8.3045383e-01
  -1.1227459e-01
   4.8481873e-01
   9.6926939e-01
   1.3475538e+00
   1.6245364e+00
   1.8037166e+00
   1.8873963e+00
   1.8767846e+00
   1.7720520e+00
   1.5723380e+00
   1.2757128e+00
   8.7909012e-01
   3.7808237e-01
  -2.3321743e-01
  -9.6255042e-01
  -1.8199424e+00
  -2.8183507e+00
  -3.9746077e+00
  -5.3108273e+00
  -6.8565666e+00
  -8.6522753e+00
  -1.0755072e+01
  -1.3249009e+01
  -1.6264795e+01
  -2.0021808e+01
  -2.4931728e+01
  -3.1919265e+01
  -4.3935696e+01
       -Infinity
  -4.3979848e+01
  -3.2007570e+01
  -2.5064188e+01
  -2.0198426e+01
  -1.6485575e+01
  -1.3513955e+01
  -1.1064190e+01
  -9.0055729e+00
  -7.2540512e+00
  -5.7525078e+00
  -4.4604937e+00
  -3.3484530e+00
  -2.3942728e+00
  -1.5811215e+00
  -8.9604292e-01
  -3.2901217e-01
   1.2771089e-01
   4.8003222e-01
   7.3233851e-01
   8.8771497e-01
   9.4809039e-01
   9.1432439e-01
   7.8624541e-01
   5.6264323e-01
   2.4121515e-01
  -1.8153932e-01
  -7.1048564e-01
  -1.3521012e+00
  -2.1148303e+00
  -3.0095917e+00
  -4.0505108e+00
  -5.2559943e+00
  -6.6503476e+00
  -8.2662883e+00
  -1.0149020e+01
  -1.2363175e+01
  -1.5005456e+01
  -1.8229678e+01
  -2.2302457e+01
  -2.7749616e+01
  -3.5860935e+01
  -5.1756373e+01
  -6.3806650e+01
  -3.9764555e+01
  -3.0114624e+01
  -2.4021547e+01
  -1.9598423e+01
  -1.6157843e+01
  -1.3371202e+01
  -1.1055785e+01
  -9.0995846e+00
  -7.4290984e+00
  -5.9936198e+00
  -4.7568278e+00
  -3.6919520e+00
  -2.7788349e+00
  -2.0020653e+00
  -1.3497515e+00
  -8.1269063e-01
  -3.8379616e-01
  -5.7697926e-02
   1.6953690e-01
   3.0059520e-01
   3.3704243e-01
   2.7939269e-01
   1.2713145e-01
  -1.2130714e-01
  -4.6861038e-01
  -9.1871151e-01
  -1.4769811e+00
  -2.1505061e+00
  -2.9484899e+00
  -3.8828245e+00
  -4.9689215e+00
  -6.2269388e+00
  -7.6836474e+00
  -9.3753684e+00
  -1.1352809e+01
  -1.3689473e+01
  -1.6497365e+01
  -1.9959204e+01
  -2.4403595e+01
  -3.0517945e+01
  -4.0189158e+01
  -6.4252543e+01
  -5.2223564e+01
  -3.6349434e+01
  -2.8259433e+01
  -2.2833601e+01
  -1.8782160e+01
  -1.5579288e+01
  -1.2958367e+01
  -1.0765583e+01
  -8.9042357e+00
  -7.3096915e+00
  -5.9367480e+00
  -4.7526876e+00
  -3.7332055e+00
  -2.8598955e+00
  -2.1186326e+00
  -1.4984983e+00
  -9.9104893e-01
  -5.8980749e-01
  -2.8990895e-01
  -8.7853279e-02
   1.8661802e-02
   3.0846067e-02
  -5.1129386e-02
  -2.2812461e-01
  -5.0206884e-01
  -8.7604776e-01
  -1.3544485e+00
  -1.9431774e+00
  -2.6499752e+00
  -3.4848671e+00
